     0/499     1.39G    0.1061   0.03509   0.04453    0.1857        48       416 0.0004006   0.07143 0.0001424 2.148e-05   0.09725   0.02045   0.04355
     1/499     1.42G    0.1038   0.03666   0.04434    0.1848        65       416 7.086e-05   0.02174 7.484e-06 1.497e-06    0.0945   0.02097   0.04321
     2/499     1.42G    0.1016   0.04038   0.04381    0.1858        53       416 7.356e-05   0.02174 6.849e-06 8.905e-07   0.09385   0.02098   0.04288
     3/499     1.42G   0.09959   0.03912   0.04382    0.1825        48       416 7.367e-05   0.02174 8.364e-06 1.673e-06   0.09334   0.02097   0.04258
     4/499     1.42G   0.09921   0.03951   0.04323    0.1819        55       416 7.097e-05   0.02174 6.835e-06 8.637e-07   0.09268   0.02105   0.04232
     5/499     1.42G   0.09913   0.04056   0.04298    0.1827        56       416 7.429e-05   0.02174 7.235e-06 9.143e-07   0.09189   0.02122   0.04208
     6/499     1.42G   0.09796   0.03767   0.04262    0.1782        62       416 7.554e-05   0.02174 8.157e-06 1.031e-06   0.09117   0.02141   0.04184
     7/499     1.42G   0.09744   0.04135   0.04254    0.1813        63       416 0.0004547     0.031 2.457e-05 4.152e-06   0.09088   0.02146   0.04162
     8/499     1.42G   0.09714   0.04232   0.04207    0.1815        52       416  0.000115  0.009259 1.532e-05 1.532e-06   0.09079   0.02146   0.04142
     9/499     1.42G   0.09736   0.04325   0.04209    0.1827        64       416 0.0003461  0.009259 5.984e-05 5.984e-06   0.09107   0.02137   0.04125
    10/499     1.42G    0.0956   0.04293   0.04154    0.1801        38       416         0         0         0         0   0.09138   0.02128   0.04107
    11/499     1.42G   0.09729   0.03962   0.04154    0.1785        61       416 0.0002496   0.02939 6.739e-05  9.81e-06    0.0905   0.02152   0.04083
    12/499     1.42G   0.09753   0.04298   0.04138    0.1819        69       416  0.004546   0.01087 0.0004779 4.832e-05   0.08977   0.02164    0.0406
    13/499     1.42G   0.09662   0.04357    0.0411    0.1813        73       416  0.008082   0.03587  0.001087 0.0004301   0.09158   0.02131   0.04086
    14/499     1.42G   0.09665    0.0426   0.04098    0.1802        58       416  0.004105   0.02174 0.0004497 6.992e-05   0.09503   0.02116    0.0422
    15/499     1.42G   0.09671   0.04207   0.04059    0.1794        48       416   0.00508    0.1063  0.001453 0.0002754    0.1044   0.02002   0.04855
    16/499     1.42G   0.09546    0.0403   0.04088    0.1766        49       416  0.008477   0.07174   0.00281 0.0004463    0.1033   0.01959    0.0471
    17/499     1.42G   0.09685   0.04069    0.0406    0.1781        64       416  0.009235    0.1852  0.005705  0.001139    0.1001   0.01959   0.04547
    18/499     1.42G    0.0963   0.04107   0.04064     0.178        47       416   0.01273     0.025  0.001595 0.0002968   0.09277   0.02103     0.041
    19/499     1.42G   0.09355   0.03695   0.04027    0.1708        46       416 0.0002605   0.02939 2.806e-05 3.314e-06   0.09264   0.02102   0.04121
    20/499     1.42G   0.09406   0.04135   0.04004    0.1755        56       416   0.01715   0.02174  0.002037 0.0008722    0.0913   0.02147   0.04084
    21/499     1.42G   0.09442   0.04062   0.04013    0.1752        57       416   0.01691   0.04674  0.004492  0.001459   0.09008   0.02173   0.04063
    22/499     1.42G   0.09385   0.04346   0.03973     0.177        58       416   0.03092   0.01087  0.001438 0.0005658   0.09069   0.02146   0.04043
    23/499     1.42G   0.09424   0.04371    0.0397    0.1777        63       416   0.00974   0.05761   0.00169 0.0004199   0.08951   0.02175   0.03956
    24/499     1.42G   0.09486   0.04085   0.03995    0.1757        56       416   0.03083   0.02174  0.004678  0.001272   0.08943   0.02161   0.03955
    25/499     1.42G   0.09444   0.03988   0.04017    0.1745        47       416   0.01486    0.0323  0.004606 0.0006754   0.09008   0.02132   0.04041
    26/499     1.42G   0.09371   0.04271   0.03967    0.1761        61       416   0.01481   0.04348  0.004682 0.0009495   0.08842   0.02182   0.03991
    27/499     1.42G   0.09391   0.03689   0.03945    0.1703        32       416  0.008244   0.01087  0.001448 0.0002371    0.0919   0.02099   0.04142
    28/499     1.42G   0.09239   0.04238   0.03912    0.1739        87       416  0.009016    0.1511  0.004502 0.0006049   0.08662   0.02232   0.03948
    29/499     1.42G   0.09165   0.04167   0.03903    0.1723        40       416   0.02564    0.2191   0.02365  0.005211   0.08525   0.02269   0.03925
    30/499     1.42G   0.09082   0.04398   0.03884    0.1736        57       416    0.0487    0.1461   0.03081  0.008714   0.08409   0.02309   0.03928
    31/499     1.42G   0.09035   0.04571   0.03919    0.1753        88       416   0.05536   0.09022   0.02101   0.00692   0.08413   0.02279   0.03947
    32/499     1.42G   0.09026   0.04556   0.03904    0.1749        68       416    0.2711    0.1228   0.08681   0.02439    0.0808   0.02367   0.03881
    33/499     1.42G   0.08806   0.04439   0.03888    0.1713        78       416      0.38    0.2147   0.08259   0.01874   0.08219   0.02325   0.03856
    34/499     1.42G   0.08662   0.04465   0.03875      0.17        80       416   0.06559    0.2305    0.0471  0.008877   0.08377   0.02302   0.03826
    35/499     1.42G   0.08657   0.04769   0.03851    0.1728        49       416    0.6131    0.1587   0.07839   0.01596    0.0806   0.02383   0.03796
    36/499     1.42G   0.08617   0.04453   0.03818    0.1689        37       416    0.3256    0.2909   0.07763   0.01766   0.07822   0.02444   0.03773
    37/499     1.42G   0.08417   0.04711   0.03837    0.1697        54       416    0.4331    0.2059    0.1144   0.02032   0.07761   0.02495   0.03779
    38/499     1.42G   0.08462   0.04824   0.03839    0.1712        68       416    0.4064    0.1229   0.05379  0.006392   0.08167    0.0234   0.03798
    39/499     1.42G   0.08326   0.04652   0.03833    0.1681        38       416    0.3925   0.05085     0.026  0.005542    0.0849   0.02259   0.03819
    40/499     1.42G   0.08262    0.0459   0.03807    0.1666        73       416      0.45    0.1353   0.08091   0.01916   0.07905   0.02461    0.0376
    41/499     1.42G    0.0827   0.04297   0.03788    0.1636        51       416    0.3784    0.1543   0.09891   0.03916   0.07614   0.02476   0.03694
    42/499     1.42G   0.08334   0.04329   0.03772    0.1644        57       416    0.6411    0.1728    0.1256   0.02674    0.0798   0.02527   0.03685
    43/499     1.42G   0.08206   0.04753   0.03741     0.167        41       416    0.6643    0.1652   0.09809   0.02311   0.07791   0.02583   0.03672
    44/499     1.42G   0.08294   0.04795   0.03751    0.1684        59       416    0.3797    0.1865    0.1035   0.02894   0.07543   0.02501   0.03689
    45/499     1.42G    0.0811   0.04489   0.03718    0.1632        53       416    0.4358    0.1495   0.08337   0.02591   0.07395   0.02487   0.03662
    46/499     1.42G   0.07846   0.04675   0.03739    0.1626        56       416    0.7062    0.1652    0.1473   0.05318   0.07121   0.02508   0.03613
    47/499     1.42G   0.08014   0.04906   0.03711    0.1663        71       416    0.8225    0.1757    0.1843   0.04889   0.06998   0.02496   0.03614
    48/499     1.42G   0.08016   0.04716   0.03713    0.1644        61       416    0.7628    0.1536     0.172   0.04753   0.07015   0.02414   0.03626
    49/499     1.42G   0.07985    0.0475   0.03704    0.1644        61       416    0.6986    0.1543    0.1713   0.05055   0.06865   0.02457    0.0361
    50/499     1.42G   0.07634   0.04428   0.03678    0.1574        60       416    0.1961    0.3301    0.2149   0.04768   0.06822   0.02429   0.03592
    51/499     1.42G   0.07676   0.04574   0.03655    0.1591        43       416    0.2508    0.2706      0.19   0.05452   0.06967   0.02497   0.03613
    52/499     1.42G   0.07544   0.04249   0.03766    0.1556        39       416    0.1948    0.2231     0.107   0.02488   0.07099   0.02573   0.03608
    53/499     1.42G    0.0757   0.04379   0.03626    0.1558        51       416    0.2815    0.3145    0.2018   0.03355   0.06932    0.0258   0.03517
    54/499     1.42G   0.07229   0.04221   0.03633    0.1508        44       416    0.2749    0.3016    0.1891   0.05061    0.0758   0.02753   0.03523
    55/499     1.42G   0.07188   0.04453   0.03623    0.1526        50       416    0.1688     0.234     0.123   0.02973   0.07241   0.02219   0.03607
    56/499     1.42G   0.07327   0.04197   0.03581     0.151        51       416    0.3818    0.2445    0.1787   0.05407    0.0685   0.02683   0.03441
    57/499     1.42G   0.07188   0.04145   0.03565     0.149        49       416    0.1996    0.3002      0.12    0.0245   0.08265   0.02948   0.03546
    58/499     1.42G   0.07301   0.04027   0.03499    0.1483        42       416    0.2319    0.4489    0.1942   0.05449   0.06135   0.02423   0.03372
    59/499     1.42G   0.07148   0.03881    0.0353    0.1456        52       416    0.2152    0.3936    0.2582   0.08819   0.06542   0.02891   0.03282
    60/499     1.42G   0.07071   0.03882   0.03522    0.1447        62       416    0.1157    0.3945   0.08843   0.03151   0.08776   0.02985   0.03555
    61/499     1.42G    0.0708   0.03711    0.0348    0.1427        60       416    0.2091    0.3131    0.1788   0.05332    0.0665   0.02511   0.03329
    62/499     1.42G   0.07306    0.0395   0.03498    0.1475        60       416    0.1403     0.455    0.1918   0.05349   0.07897   0.03413   0.03387
    63/499     1.42G   0.07004   0.03818    0.0351    0.1433        71       416    0.4158    0.3556    0.2824   0.08488   0.06609   0.02783   0.03224
    64/499     1.42G   0.06793   0.03802    0.0345    0.1405        72       416    0.2769     0.313    0.1929   0.04173   0.07058   0.02049   0.03374
    65/499     1.42G   0.06897   0.03831   0.03479    0.1421        59       416    0.1375    0.3841     0.132   0.02572   0.06998     0.021   0.03388
    66/499     1.42G   0.07115   0.03744   0.03458    0.1432        74       416     0.257    0.5541    0.2608   0.08006   0.06492   0.02336   0.03233
    67/499     1.42G   0.06693   0.03908   0.03416    0.1402        51       416    0.3978    0.3407    0.3522    0.1006   0.06114   0.02216   0.03219
    68/499     1.42G   0.06575    0.0408   0.03399    0.1405        63       416     0.196     0.351    0.2104   0.05465   0.06481   0.02914   0.03284
    69/499     1.42G   0.07019   0.03709   0.03368     0.141        44       416    0.2319    0.3948    0.2159   0.07167   0.06748   0.02333   0.03177
    70/499     1.42G   0.07331   0.03659   0.03398    0.1439        88       416    0.4669    0.3471    0.2337    0.0849   0.06775   0.02312   0.03274
    71/499     1.42G   0.06638   0.03758   0.03356    0.1375        31       416    0.4606    0.3822    0.3815    0.1171   0.05634   0.01981   0.03171
    72/499     1.42G   0.06948    0.0361   0.03419    0.1398        32       416    0.3723    0.4508    0.3227   0.08399   0.06804   0.01864   0.03123
    73/499     1.42G   0.07164   0.03817   0.03308    0.1429        56       416    0.3048    0.4313    0.3318    0.1064   0.06338   0.01904   0.03084
    74/499     1.42G    0.0671    0.0383   0.03318    0.1386        53       416    0.3224    0.4773    0.3577    0.1147   0.06185   0.02223   0.03124
    75/499     1.42G   0.06621   0.03778   0.03326    0.1373        65       416    0.4934    0.4205    0.4244    0.1517    0.0592   0.02297   0.03093
    76/499     1.42G   0.06557   0.03795    0.0334    0.1369        69       416    0.3264    0.5203     0.385    0.1358   0.06102   0.02179   0.03111
    77/499     1.42G   0.06744    0.0382   0.03392    0.1396        38       416    0.3112     0.399    0.3255    0.1376   0.05928   0.02122   0.03166
    78/499     1.42G     0.067   0.03479   0.03273    0.1345        68       416    0.3163    0.6968    0.3538    0.0825   0.06468   0.01863   0.03092
    79/499     1.42G   0.06801   0.03674   0.03271    0.1375        60       416    0.7513    0.3168    0.4077     0.129   0.06138   0.01966   0.03197
    80/499     1.42G   0.06086   0.03704   0.03265    0.1306        69       416    0.8405    0.2808    0.3705    0.1248   0.06295   0.01909   0.03208
    81/499     1.42G   0.06366   0.03672   0.03296    0.1333        72       416    0.3119    0.4919    0.3915    0.1249   0.05956   0.01962   0.03146
    82/499     1.42G   0.06677   0.03337   0.03313    0.1333        41       416    0.8642    0.2533     0.357    0.1523   0.05796   0.01866   0.03224
    83/499     1.42G   0.06454   0.03578   0.03265     0.133        55       416    0.3836    0.5881    0.5059     0.127   0.05837   0.01813   0.03076
    84/499     1.42G   0.06267   0.03519   0.03273    0.1306        64       416    0.5872    0.3609    0.3507    0.1287   0.06204   0.01767   0.03214
    85/499     1.42G   0.06364   0.03421   0.03238    0.1302        58       416    0.5447     0.204    0.1657    0.0591   0.07893   0.01824   0.03584
    86/499     1.42G   0.06241   0.03901   0.03287    0.1343        66       416    0.5572    0.2084      0.15    0.0447   0.08035   0.01831   0.03584
    87/499     1.42G   0.06043    0.0336   0.03195     0.126        32       416    0.5526    0.2849    0.2794   0.08724   0.06673   0.01683   0.03378
    88/499     1.42G   0.06235   0.03498   0.03206    0.1294        64       416    0.8932    0.2968    0.4077     0.146   0.06011   0.01779     0.032
    89/499     1.42G   0.06058   0.03579   0.03214    0.1285        53       416     0.658    0.2447    0.3092   0.08993   0.07173   0.02121   0.03317
    90/499     1.42G   0.06134   0.03408   0.03236    0.1278        48       416    0.4394    0.5319    0.5093    0.1797   0.05458   0.01793    0.0303
    91/499     1.42G   0.06027   0.03292   0.03218    0.1254        53       416    0.5954    0.5974    0.6475    0.2503   0.05157   0.01815   0.02965
    92/499     1.42G   0.05875   0.03355    0.0313    0.1236        53       416    0.5795    0.5293    0.5843     0.205   0.05407     0.018   0.02992
    93/499     1.42G   0.06114   0.03531   0.03147    0.1279        52       416     0.599    0.4747    0.5652     0.242   0.04992   0.01686   0.03053
    94/499     1.42G   0.06087   0.03557   0.03235    0.1288        63       416    0.7723    0.4871     0.636    0.2829   0.04926   0.01633   0.03009
    95/499     1.42G   0.05811   0.03564    0.0323    0.1261        63       416    0.8705    0.3089    0.4436    0.1901   0.05661   0.01869   0.03075
    96/499     1.42G   0.05634   0.03312   0.03154     0.121        61       416    0.6739    0.4873    0.6075    0.2113   0.05309   0.01737   0.03086
    97/499     1.42G   0.05671   0.03468   0.03156     0.123        80       416    0.5054    0.7099    0.6875    0.2858    0.0497   0.01552   0.02953
    98/499     1.42G   0.05513   0.03087   0.03201     0.118        31       416    0.5088    0.6985    0.7031    0.2726   0.04846   0.01602   0.02958
    99/499     1.42G   0.05418   0.03345   0.03191    0.1195        74       416    0.3516    0.6262    0.4535    0.1406   0.05125   0.01623   0.03044
   100/499     1.42G   0.05762   0.03206   0.03131     0.121        63       416    0.6012    0.5074    0.5547    0.2435   0.05388   0.01604   0.02943
   101/499     1.42G   0.06084   0.03379   0.03147    0.1261        61       416    0.5937    0.7393    0.7153    0.3076     0.051   0.01681   0.02859
   102/499     1.42G   0.05751   0.03162   0.03168    0.1208        52       416    0.5252    0.6202    0.5447    0.1978   0.05193   0.01759   0.02967
   103/499     1.42G   0.05558   0.03087   0.03125    0.1177        52       416    0.6401    0.5758    0.6417    0.2602   0.04939    0.0162   0.03034
   104/499     1.42G   0.05381   0.03376   0.03099    0.1186        54       416    0.6171    0.7881     0.756    0.3202   0.04923   0.01777   0.02884
   105/499     1.42G   0.05382   0.03226   0.03108    0.1172        77       416    0.6998    0.6637    0.7629    0.3398   0.04728   0.01681   0.02909
   106/499     1.42G   0.05407   0.03237   0.03105    0.1175        61       416    0.6219    0.6745    0.6883    0.2984    0.0492   0.01485   0.02943
   107/499     1.42G   0.05464    0.0306   0.03094    0.1162        45       416    0.6724     0.656    0.7082    0.3037   0.04938     0.015   0.02881
   108/499     1.42G   0.05254   0.03122   0.03043    0.1142        52       416    0.8426    0.5849    0.7475     0.348   0.04913   0.01442   0.02864
   109/499     1.42G   0.05382   0.03207   0.03119    0.1171        51       416    0.6821    0.5873    0.6762    0.3001   0.04836    0.0141   0.02845
   110/499     1.42G   0.05185   0.03003   0.03016     0.112        31       416    0.7494    0.4376     0.566    0.2041   0.04971   0.01592   0.03015
   111/499     1.42G   0.05046   0.02854   0.02936    0.1084        40       416    0.5834    0.6936    0.7133    0.2559   0.04903    0.0151   0.02895
   112/499     1.42G   0.05118   0.03079   0.03039    0.1124        56       416    0.6837     0.512    0.5996      0.23   0.05109   0.01659   0.02841
   113/499     1.42G   0.05333   0.03179   0.03006    0.1152        75       416    0.7313    0.7191     0.748    0.2941   0.05037   0.01384   0.02785
   114/499     1.42G   0.05219   0.02962   0.02912    0.1109        57       416    0.6818     0.744    0.8093    0.3528   0.04809   0.01338   0.02732
   115/499     1.42G   0.05177   0.02925    0.0299    0.1109        47       416    0.7176      0.63    0.7319    0.3238    0.0476   0.01499    0.0273
   116/499     1.42G   0.05115   0.03242   0.02941     0.113        72       416    0.9213    0.4934    0.6727      0.32   0.05036   0.01486   0.02764
   117/499     1.42G    0.0493   0.03138   0.02844    0.1091        61       416    0.6135    0.6811    0.7274    0.3394   0.04619    0.0139   0.02826
   118/499     1.42G    0.0502   0.02962   0.02826    0.1081        54       416    0.5203    0.6683    0.6921    0.3123   0.04629   0.01523   0.02806
   119/499     1.42G   0.04997   0.03043   0.02879    0.1092        71       416    0.5801    0.7422    0.7111    0.3613   0.04619    0.0145   0.02764
   120/499     1.42G   0.05251   0.02897   0.02834    0.1098        54       416    0.7486    0.7545    0.8087    0.3401   0.04664   0.01287   0.02795
   121/499     1.42G   0.05142   0.02921   0.02892    0.1095        52       416    0.6799    0.7191    0.8047    0.3291   0.05037   0.01282   0.02773
   122/499     1.42G   0.05771   0.03003   0.02928     0.117        66       416    0.7156    0.7138    0.8007    0.3313    0.0463   0.01257   0.02785
   123/499     1.42G   0.05223   0.03007   0.02818    0.1105        44       416     0.646    0.5914    0.6728    0.2916   0.04958   0.01343   0.02767
   124/499     1.42G   0.05119   0.02882   0.02887    0.1089        55       416    0.7158    0.7976    0.8674    0.3846   0.04458   0.01291   0.02696
   125/499     1.42G   0.05016   0.02904   0.02867    0.1079        57       416    0.7533    0.8183    0.8634    0.3873   0.04575   0.01262   0.02631
   126/499     1.42G   0.04944   0.02947   0.02851    0.1074        54       416    0.8287    0.7411     0.846    0.3903   0.04701   0.01217   0.02619
   127/499     1.42G    0.0481   0.02732   0.02774    0.1032        44       416     0.613    0.7365    0.7268    0.3466    0.0484   0.01381   0.02835
   128/499     1.42G   0.05021   0.02894   0.02772    0.1069        46       416    0.7543     0.763    0.8233    0.3694   0.04735   0.01259   0.02663
   129/499     1.42G   0.05097   0.02632   0.02776     0.105        37       416    0.9394    0.7207    0.8756    0.3837   0.04494   0.01298   0.02603
   130/499     1.42G   0.04929   0.02732   0.02803    0.1046        64       416    0.8317     0.709    0.8311    0.3859   0.04381   0.01289    0.0268
   131/499     1.42G   0.04804   0.02914    0.0273    0.1045        54       416    0.8759    0.7522    0.8642    0.4003   0.04486   0.01281   0.02575
   132/499     1.42G   0.04937     0.027   0.02721    0.1036        71       416    0.8126    0.7367    0.8495    0.3951    0.0477   0.01274   0.02562
   133/499     1.42G   0.05094   0.02781    0.0276    0.1064        39       416    0.7495    0.8184    0.8169    0.3937    0.0459   0.01259   0.02659
   134/499     1.42G   0.04857   0.02968   0.02802    0.1063        36       416    0.6842    0.7513     0.748    0.3294   0.04736   0.01427   0.02652
   135/499     1.42G   0.04767   0.02973   0.02688    0.1043        58       416    0.7722    0.8215    0.8474    0.4073   0.04534   0.01279   0.02509
   136/499     1.42G   0.04734   0.02735   0.02767    0.1024        24       416    0.7843    0.8337    0.8401    0.4205   0.04608   0.01242   0.02509
   137/499     1.42G   0.05276   0.02814   0.02762    0.1085        48       416    0.7146    0.8354    0.8218    0.3655   0.04738   0.01244   0.02519
   138/499     1.42G   0.05213   0.02832   0.02732    0.1078        53       416    0.8207    0.7934    0.8326    0.4021   0.04534   0.01205   0.02471
   139/499     1.42G   0.04823   0.02775     0.027     0.103        54       416    0.8172    0.7622    0.8477    0.4282   0.04574   0.01349   0.02488
   140/499     1.42G   0.04936    0.0291   0.02695    0.1054        63       416    0.8094    0.7935    0.8811    0.4176   0.04432   0.01209   0.02542
   141/499     1.42G   0.04937   0.02645   0.02722     0.103        35       416    0.8718    0.7035     0.875    0.3997   0.04538   0.01202   0.02533
   142/499     1.42G   0.04945   0.02669   0.02634    0.1025        65       416    0.8201    0.6755    0.8047    0.4021    0.0451   0.01284   0.02525
   143/499     1.42G   0.04854   0.02705   0.02596    0.1016        69       416    0.8466    0.7253    0.8595    0.4237   0.04474   0.01249   0.02514
   144/499     1.42G   0.04888   0.02762   0.02754     0.104        74       416    0.9047     0.659    0.8344    0.3872   0.04556   0.01203   0.02526
   145/499     1.42G    0.0475   0.02792   0.02652    0.1019        41       416    0.7473    0.8248    0.8382    0.3862   0.04588   0.01223   0.02463
   146/499     1.42G   0.04747   0.02869   0.02639    0.1025        85       416    0.7917    0.7976    0.8377    0.4161   0.04446   0.01211   0.02452
   147/499     1.42G   0.04702   0.02622   0.02666    0.0999        54       416    0.8048    0.8213    0.8702    0.4179   0.04454   0.01193   0.02465
   148/499     1.42G   0.04548   0.02383   0.02591   0.09522        46       416    0.8581    0.7753    0.8755    0.3872    0.0462   0.01221    0.0241
   149/499     1.42G   0.04845   0.02499   0.02713    0.1006        29       416    0.9552    0.7579    0.8703    0.4141    0.0463   0.01168   0.02393
   150/499     1.42G   0.04681   0.02755   0.02617    0.1005        58       416    0.8019    0.7693    0.8638     0.427   0.04495   0.01147   0.02399
   151/499     1.42G   0.04521    0.0261   0.02702   0.09833        63       416    0.8944    0.8837    0.9142    0.4652   0.04244   0.01103   0.02406
   152/499     1.42G   0.04531   0.02485   0.02512   0.09528        56       416    0.8953    0.8428    0.9176    0.4766   0.04191   0.01063   0.02412
   153/499     1.42G   0.04551   0.02834   0.02603   0.09988        40       416    0.8861    0.8716    0.9048    0.4517   0.04265   0.01091   0.02374
   154/499     1.42G   0.04564   0.02689   0.02586   0.09838        67       416    0.9038    0.8046    0.9052     0.444   0.04208   0.01068     0.024
   155/499     1.42G   0.04707   0.02606   0.02526   0.09839        57       416    0.8962    0.8724    0.9319    0.4659   0.04239   0.01085   0.02376
   156/499     1.42G   0.04854   0.02663   0.02564    0.1008        42       416    0.9235    0.8363    0.9054    0.4529   0.04282   0.01105   0.02413
   157/499     1.42G    0.0476   0.02615   0.02575   0.09949        48       416    0.9493    0.8415    0.9327    0.4454    0.0417   0.01099    0.0239
   158/499     1.42G   0.04548   0.02577   0.02538   0.09663        42       416    0.8384    0.8652    0.9185    0.4322   0.04134   0.01096   0.02388
   159/499     1.42G   0.04466   0.02613   0.02556   0.09635        47       416    0.8675    0.7386    0.8673    0.4256   0.04198   0.01121   0.02399
   160/499     1.42G   0.04496   0.02483   0.02664   0.09643        46       416    0.8483    0.7949    0.8747    0.4433   0.04236   0.01159   0.02462
   161/499     1.42G   0.04459    0.0275   0.02542    0.0975        59       416    0.8525    0.7935    0.8707    0.4445   0.04329   0.01134    0.0245
   162/499     1.42G   0.04617   0.02657     0.026   0.09874        38       416    0.8637    0.7772    0.8818    0.4647   0.04237   0.01141   0.02473
   163/499     1.42G   0.04641   0.02412   0.02486   0.09539        51       416    0.8843    0.8575    0.9031    0.4613    0.0433   0.01125   0.02386
   164/499     1.42G   0.04409   0.02658   0.02507   0.09575        45       416    0.8853    0.8619    0.8778    0.4626   0.04293   0.01054   0.02372
   165/499     1.42G   0.04496   0.02695   0.02549   0.09741        85       416    0.7801    0.8638    0.8458    0.4393   0.04304   0.01081   0.02444
   166/499     1.42G   0.04438   0.02568    0.0261   0.09616        58       416     0.793    0.8789    0.9036    0.4827   0.04159   0.01056   0.02359
   167/499     1.42G   0.04394   0.02453   0.02435   0.09282        49       416    0.9154    0.8588    0.9477    0.5016   0.04117   0.00999   0.02332
   168/499     1.42G   0.04541   0.02517   0.02567   0.09625        65       416      0.93    0.8063    0.9017    0.4717   0.04342   0.01019   0.02353
   169/499     1.42G    0.0462   0.02467   0.02534   0.09621        62       416     0.853    0.8667    0.9217    0.4513   0.04235   0.01065   0.02404
   170/499     1.42G   0.04471   0.02321   0.02505   0.09296        35       416    0.8782    0.7856    0.9103    0.4338     0.043    0.0108   0.02443
   171/499     1.42G   0.04643    0.0228   0.02524   0.09446        30       416    0.8344    0.8711    0.8857    0.4308   0.04367   0.01069   0.02398
   172/499     1.42G    0.0457   0.02431   0.02574   0.09575        49       416    0.9012     0.844    0.8887    0.4323   0.04259   0.01135    0.0237
   173/499     1.42G   0.04466   0.02587   0.02592   0.09645        73       416    0.8551    0.8373    0.8567    0.4496   0.04267   0.01128   0.02432
   174/499     1.42G   0.04504   0.02306   0.02397   0.09207        47       416    0.8634    0.7735     0.864    0.4447   0.04246   0.01131   0.02423
   175/499     1.42G   0.04572   0.02505   0.02573    0.0965        59       416    0.8226    0.8124    0.8881    0.4224   0.04238    0.0115    0.0243
   176/499     1.42G   0.04391   0.02546   0.02506   0.09443        67       416     0.708    0.9168    0.8642    0.4417   0.04239   0.01131   0.02456
   177/499     1.42G   0.04382   0.02451   0.02426   0.09258        65       416    0.8533    0.8852    0.8905    0.4673   0.04186   0.01061   0.02395
   178/499     1.42G   0.04518   0.02593   0.02499    0.0961        73       416    0.9372    0.8563    0.9002    0.4944   0.04155   0.01068     0.024
   179/499     1.42G    0.0424   0.02528    0.0239   0.09159        67       416    0.8992    0.8112    0.9006    0.4814   0.04029   0.01072   0.02368
   180/499     1.42G    0.0423   0.02363   0.02488   0.09081        48       416    0.8328    0.8576    0.9023    0.4724   0.04175   0.01058   0.02337
   181/499     1.42G   0.04275   0.02369   0.02466    0.0911        40       416    0.9326    0.7122    0.8484    0.4239   0.04189   0.01146   0.02369
   182/499     1.42G   0.04157   0.02462   0.02486   0.09106        61       416    0.9284    0.7465    0.8609    0.4742   0.04088   0.01098   0.02365
   183/499     1.42G   0.04317   0.02612    0.0242    0.0935        67       416    0.9144    0.7605    0.8885    0.4679   0.04079   0.01101   0.02379
   184/499     1.42G   0.04513   0.02683   0.02419   0.09615        74       416    0.8684    0.7859    0.8941    0.4368   0.04239   0.01085   0.02384
   185/499     1.42G   0.04426    0.0247   0.02443   0.09339        77       416    0.9034    0.7122    0.8435    0.4046   0.04458   0.01157   0.02408
   186/499     1.42G   0.04514   0.02548   0.02609   0.09671        51       416    0.8802    0.7816    0.8621    0.4291   0.04357   0.01135   0.02378
   187/499     1.42G   0.04432   0.02145   0.02472   0.09049        39       416    0.8752      0.84    0.8778    0.4633   0.04164   0.01062   0.02375
   188/499     1.42G   0.04356   0.02484   0.02408   0.09248        61       416    0.9094    0.8513    0.8977    0.5026   0.04038   0.01029   0.02331
   189/499     1.42G   0.04284   0.02317   0.02373   0.08975        58       416    0.9273    0.7988    0.8793    0.4746   0.04173   0.01121   0.02321
   190/499     1.42G   0.04537   0.02367    0.0244   0.09344        67       416    0.8958    0.8409    0.8717    0.4761   0.04195   0.01102   0.02323
   191/499     1.42G   0.04391   0.02453   0.02488   0.09333        61       416    0.8508    0.8673     0.898    0.4959   0.04084   0.01103   0.02314
   192/499     1.42G   0.04504   0.02522   0.02436   0.09462        63       416    0.8424    0.8832    0.8979    0.4944    0.0413   0.01101    0.0237
   193/499     1.42G   0.04294   0.02495   0.02371   0.09161        59       416    0.8019    0.8989    0.9044     0.493   0.04057   0.01125   0.02364
   194/499     1.42G   0.04237   0.02494   0.02443   0.09173        77       416    0.8841    0.8184    0.8755    0.4716   0.04175   0.01111   0.02413
   195/499     1.42G   0.04614   0.02242   0.02444     0.093        31       416    0.8672    0.8749    0.9033    0.4733   0.04031   0.01038   0.02316
   196/499     1.42G   0.04318   0.02407   0.02479   0.09204        60       416    0.8471    0.9262    0.9199    0.5207   0.04007   0.01053   0.02355
   197/499     1.42G   0.04309   0.02366   0.02385    0.0906        65       416    0.8545    0.9126    0.9329    0.5058   0.04075   0.01063    0.0235
   198/499     1.42G   0.04173   0.02358    0.0236   0.08891        70       416    0.9527    0.8927    0.9322    0.4798   0.04218   0.01078   0.02344
   199/499     1.42G   0.04214   0.02316   0.02455   0.08985        57       416    0.8863    0.8358    0.9019    0.4646   0.04285   0.01086   0.02374
   200/499     1.42G   0.04191    0.0229   0.02455   0.08936        51       416    0.8854     0.861    0.8973    0.4899   0.04171   0.01056   0.02344
   201/499     1.42G   0.04251   0.02259   0.02407   0.08917        37       416    0.9106    0.8503    0.8984    0.4878   0.04133   0.01092   0.02326
   202/499     1.42G   0.04153   0.02516   0.02301    0.0897        40       416    0.9135    0.8291    0.9199    0.5043   0.04109   0.01088    0.0234
   203/499     1.42G   0.04197   0.02602   0.02319   0.09118        44       416    0.9062    0.7852    0.8916    0.4665    0.0417   0.01147   0.02339
   204/499     1.42G   0.04277   0.02539   0.02397   0.09213        64       416    0.7589    0.8496    0.8741    0.4719   0.04076   0.01159   0.02324
   205/499     1.42G   0.04118   0.02242   0.02344   0.08704        49       416    0.8796    0.7978    0.8972    0.5006   0.04001   0.01122   0.02312
   206/499     1.42G   0.04101   0.02261   0.02372   0.08734        74       416    0.9251    0.8652    0.9026    0.5218      0.04   0.01105   0.02294
   207/499     1.42G   0.04138   0.02207   0.02426   0.08771        39       416    0.8902    0.8693    0.9034    0.4909   0.03917   0.01091   0.02301
   208/499     1.42G   0.04008   0.02472    0.0237   0.08851        52       416    0.9188    0.7948    0.8795    0.5032   0.04062   0.01086   0.02291
   209/499     1.42G   0.04094   0.02335   0.02462   0.08892        56       416    0.8363     0.854    0.8947    0.4988   0.04033   0.01029   0.02299
   210/499     1.42G   0.04149    0.0247   0.02372    0.0899        82       416    0.9491    0.8635    0.9185    0.5177   0.03979  0.009638   0.02294
   211/499     1.42G   0.04111   0.02273   0.02284   0.08668        60       416      0.93    0.8603     0.919    0.5023   0.04013      0.01   0.02307
   212/499     1.42G   0.04215   0.02431   0.02374   0.09021        64       416    0.9813    0.8234    0.9185    0.4994      0.04   0.01045   0.02338
   213/499     1.42G   0.04186   0.02351   0.02427   0.08963        60       416    0.9406    0.8748     0.936    0.5208   0.04003   0.01022    0.0228
   214/499     1.42G   0.04229   0.02252   0.02293   0.08774        50       416    0.9152    0.8153    0.9035    0.4951   0.04023   0.01031   0.02279
   215/499     1.42G   0.03981   0.02163   0.02356   0.08499        49       416    0.9573    0.8283    0.9143    0.5072   0.04102   0.01026   0.02302
   216/499     1.42G   0.04097   0.02313   0.02349   0.08758        49       416    0.8908    0.8068    0.8859    0.4743   0.04096   0.01095   0.02316
   217/499     1.42G   0.04202   0.02338   0.02347   0.08887        73       416    0.8554    0.8087     0.861    0.4574   0.04199    0.0115   0.02333
   218/499     1.42G     0.041   0.02436   0.02314    0.0885        69       416    0.8982    0.8702    0.9188    0.5032   0.04127   0.01081   0.02268
   219/499     1.42G   0.04157   0.02506   0.02344   0.09007        70       416    0.8984    0.8451    0.9049    0.4969   0.04157   0.01047   0.02255
   220/499     1.42G   0.04083   0.02184   0.02346   0.08614        55       416    0.8873    0.8221    0.8862    0.4809   0.04121   0.01076   0.02348
   221/499     1.42G   0.04031    0.0228   0.02434   0.08745        63       416     0.936    0.7456      0.88    0.4997   0.04054   0.01115   0.02296
   222/499     1.42G   0.04198   0.02155   0.02221   0.08574        57       416    0.9427    0.7936    0.8777    0.4785   0.04172   0.01114   0.02323
   223/499     1.42G   0.04085   0.02252   0.02327   0.08664        70       416    0.8411    0.7819    0.8606    0.4651   0.04228   0.01148   0.02408
   224/499     1.42G   0.04128     0.023   0.02303   0.08731        48       416    0.8624     0.824    0.8796    0.4862   0.04209   0.01041   0.02332
   225/499     1.42G   0.04139   0.02231   0.02276   0.08647        50       416    0.9019    0.8643      0.93    0.5244   0.04027   0.01005   0.02242
   226/499     1.42G   0.04308   0.02337   0.02292   0.08936        59       416    0.8867    0.8434    0.9143    0.5506   0.03895  0.009977   0.02244
   227/499     1.42G   0.04108   0.02133   0.02323   0.08563        41       416    0.9422    0.8311    0.9072    0.5379    0.0396   0.01008   0.02242
   228/499     1.42G    0.0404    0.0211   0.02343   0.08493        78       416    0.9247    0.8468    0.9056    0.5316   0.03926   0.01029   0.02261
   229/499     1.42G   0.04126   0.02417   0.02333   0.08877        63       416    0.9124    0.8417     0.914      0.52    0.0403  0.009765    0.0229
   230/499     1.42G   0.04006   0.02418   0.02226   0.08651        80       416    0.9588    0.8699    0.9251    0.5388   0.03879  0.009602   0.02254
   231/499     1.42G   0.03949   0.02184   0.02365   0.08498        47       416    0.9353    0.8932     0.933    0.5321   0.03875   0.00972   0.02247
   232/499     1.42G   0.03949   0.02074   0.02317    0.0834        46       416    0.9415    0.8294    0.9009    0.5077   0.03923  0.009929   0.02245
   233/499     1.42G   0.04093   0.02287   0.02369   0.08749        60       416    0.9189    0.8531    0.9048    0.5188   0.03909  0.009816   0.02232
   234/499     1.42G     0.042   0.02286   0.02322   0.08807        57       416    0.9277    0.8637     0.898    0.5102   0.03904    0.0101   0.02232
   235/499     1.42G   0.03927   0.02193    0.0236    0.0848        42       416    0.9241    0.8215    0.8951    0.5063   0.03867   0.01056   0.02286
   236/499     1.42G   0.03972   0.02323   0.02342   0.08637        44       416    0.8832    0.8696    0.8949    0.5208   0.03889   0.01074   0.02306
   237/499     1.42G   0.03937   0.02181   0.02248   0.08366        42       416    0.9046    0.8726    0.8925    0.5238   0.03893   0.01062   0.02313
   238/499     1.42G   0.03874   0.02254   0.02225   0.08353        62       416    0.8926    0.8673     0.878    0.5115    0.0386   0.01075   0.02355
   239/499     1.42G    0.0399   0.02278   0.02254   0.08522        75       416    0.8084     0.853    0.8788    0.4947   0.03883   0.01034   0.02361
   240/499     1.42G   0.04087   0.02216   0.02249   0.08552        51       416    0.8436    0.8724    0.8856    0.4908   0.03899   0.01031   0.02317
   241/499     1.42G   0.04304    0.0225    0.0227   0.08824        54       416    0.9484    0.8657    0.9112    0.5217   0.03903  0.009875   0.02265
   242/499     1.42G      0.04    0.0234    0.0229    0.0863        52       416     0.928     0.829    0.9126    0.5256   0.04069  0.009761   0.02298
   243/499     1.42G   0.04094    0.0226   0.02286    0.0864        63       416    0.9333    0.8439    0.9115    0.5264   0.04018  0.009869   0.02299
   244/499     1.42G   0.04035   0.02168   0.02327    0.0853        49       416    0.9835    0.8287    0.9047    0.5165   0.04086    0.0102   0.02306
   245/499     1.42G   0.03984   0.02049   0.02229   0.08262        53       416    0.9375    0.8507    0.8964      0.52   0.04111  0.009919   0.02295
   246/499     1.42G   0.03815   0.02189   0.02268   0.08272        62       416    0.9601    0.8593    0.8955    0.5142   0.04087   0.00988   0.02298
   247/499     1.42G   0.03946   0.02185   0.02289    0.0842        77       416    0.9539    0.8574    0.9194    0.5324   0.03885  0.009375    0.0228
   248/499     1.42G   0.03964   0.02228   0.02199    0.0839        51       416    0.9071    0.8898    0.9157    0.5273   0.03884  0.009599   0.02248
   249/499     1.42G   0.04118   0.02255   0.02205   0.08578        44       416    0.9466     0.809    0.9069    0.5208   0.03996  0.009938   0.02274
   250/499     1.42G   0.03851   0.02182    0.0224   0.08273        64       416    0.9065     0.891    0.9194    0.5328   0.03946  0.009655   0.02262
   251/499     1.42G   0.03976   0.02235   0.02279    0.0849        63       416    0.9512    0.8437    0.9275    0.5371   0.03892  0.009763   0.02272
   252/499     1.42G   0.03916   0.02141   0.02266   0.08323        56       416    0.9448    0.8223    0.8973    0.5122   0.03954   0.01057   0.02296
   253/499     1.42G   0.03862   0.02036   0.02251   0.08148        40       416    0.9287    0.8332    0.8927     0.513   0.04005   0.01024    0.0229
   254/499     1.42G   0.03905   0.02194   0.02318   0.08416        80       416    0.9013      0.84    0.8735    0.5255   0.03971   0.01021   0.02317
   255/499     1.42G   0.03916   0.02169   0.02197   0.08282        69       416    0.9226    0.8303    0.8866    0.5305   0.03886   0.01027   0.02299
   256/499     1.42G   0.03777   0.02125   0.02212   0.08114        45       416    0.9746     0.846    0.9379    0.5648   0.03878  0.009496   0.02228
   257/499     1.42G   0.03953   0.02242    0.0236   0.08555        67       416    0.9285    0.8315    0.9236    0.5417   0.03951  0.009254   0.02241
   258/499     1.42G   0.03854    0.0203   0.02199   0.08083        64       416    0.9571    0.8213    0.9166    0.5573   0.03888  0.009591   0.02241
   259/499     1.42G   0.03996   0.02261   0.02215   0.08472        41       416    0.9466    0.8834    0.9213    0.5706   0.03787  0.009615   0.02247
   260/499     1.42G   0.03905   0.02073   0.02258   0.08236        76       416    0.9463    0.8517    0.8967    0.5531   0.03864  0.009651   0.02249
   261/499     1.42G   0.03839     0.022   0.02231    0.0827        70       416    0.9499    0.8411    0.8927    0.5434   0.03865  0.009766   0.02263
   262/499     1.42G   0.03843   0.02225   0.02252   0.08321        36       416    0.9646    0.8167    0.8933    0.5384   0.03989    0.0101   0.02248
   263/499     1.42G   0.03932    0.0214   0.02225   0.08297        64       416    0.9604    0.8028    0.8971    0.5219    0.0404  0.009973   0.02261
   264/499     1.42G    0.0395   0.02079   0.02099   0.08128        39       416     0.941    0.8205     0.885    0.5171   0.04031   0.01013   0.02325
   265/499     1.42G   0.03932   0.02121   0.02254   0.08307        51       416    0.9221     0.789    0.8844    0.5119   0.03945   0.01008   0.02341
   266/499     1.42G   0.03818   0.02093   0.02212   0.08123        58       416     0.941    0.8442    0.9073    0.5272   0.03952  0.009807   0.02337
   267/499     1.42G   0.03942   0.02221   0.02225   0.08388        41       416    0.9838    0.7964    0.9263     0.527   0.03906   0.00977   0.02302
   268/499     1.42G   0.03909    0.0225   0.02186   0.08345        55       416    0.9218    0.8018    0.8823     0.504   0.04004  0.009831   0.02313
   269/499     1.42G    0.0395   0.02136   0.02275   0.08361        64       416    0.9699    0.8373     0.911    0.5333   0.03913  0.009891    0.0227
   270/499     1.42G   0.04017     0.021   0.02286   0.08403        28       416    0.9646    0.8427    0.9139    0.5129   0.03949  0.009979   0.02265
   271/499     1.42G   0.03846   0.02127   0.02215   0.08188        44       416    0.9677    0.8371    0.9156    0.5265    0.0391  0.009913   0.02255
   272/499     1.42G   0.03853   0.02193   0.02209   0.08255        33       416     0.957    0.8129     0.915    0.5268   0.03925  0.009931   0.02298
   273/499     1.42G   0.03787   0.02209   0.02166   0.08162        53       416    0.9148    0.8367    0.9279    0.5124   0.03926  0.009891   0.02323
   274/499     1.42G   0.03725   0.02102   0.02236   0.08062        60       416    0.9043    0.8071    0.8946    0.4972   0.04004    0.0107   0.02326
   275/499     1.42G   0.03912   0.02181   0.02217    0.0831        49       416    0.9032    0.8181    0.9021    0.5205   0.03965   0.01051   0.02284
   276/499     1.42G   0.03753   0.02033   0.02229   0.08014        33       416    0.8887    0.8081     0.885     0.519   0.03988   0.01046   0.02271
   277/499     1.42G   0.04045   0.02073   0.02253   0.08371        47       416    0.9188    0.8387    0.9075    0.5216    0.0396   0.01046   0.02253
   278/499     1.42G    0.0386   0.02099    0.0216   0.08119        53       416    0.9111    0.8713    0.9086    0.5143   0.03955   0.01051   0.02255
   279/499     1.42G   0.03806   0.02212     0.022   0.08217        59       416    0.9029    0.8615    0.9108    0.5256   0.03904   0.01013   0.02237
   280/499     1.42G   0.03747   0.02113   0.02154   0.08014        36       416    0.8466    0.8826    0.9086    0.5368   0.03852  0.009819   0.02242
   281/499     1.42G   0.03864   0.01981   0.02176   0.08021        37       416    0.8417    0.8822    0.9161    0.5376   0.03917  0.009895   0.02239
   282/499     1.42G   0.03818   0.02003   0.02172   0.07993        47       416    0.8882    0.8839    0.9058    0.5411   0.03949   0.01012   0.02232
   283/499     1.42G   0.03673   0.02007   0.02217   0.07897        47       416    0.9147    0.8446    0.8907    0.5457   0.03921  0.009885   0.02229
   284/499     1.42G   0.03929   0.01968   0.02263    0.0816        51       416    0.9223    0.8467    0.9059    0.5508   0.03832  0.009773   0.02243
   285/499     1.42G   0.03939   0.02185   0.02195    0.0832        58       416    0.9317    0.8176    0.8987    0.5544   0.03906  0.009712   0.02242
   286/499     1.42G   0.03801   0.02032   0.02246   0.08079        64       416    0.8578    0.8936    0.9059    0.5446   0.03939  0.009712   0.02228
   287/499     1.42G   0.03694   0.01939    0.0219   0.07823        57       416      0.94    0.8759    0.9152    0.5593    0.0392   0.00971   0.02239
   288/499     1.42G   0.03756   0.02108   0.02232   0.08096        75       416    0.9426    0.8907    0.9268    0.5545   0.03901  0.009705   0.02252
   289/499     1.42G   0.03749   0.02139   0.02155   0.08044        43       416     0.955    0.8625    0.9257    0.5437   0.03879  0.009595   0.02225
   290/499     1.42G   0.03817   0.01947   0.02181   0.07945        46       416    0.9611    0.8452    0.9166    0.5294   0.03928   0.01004   0.02224
   291/499     1.42G   0.03988   0.02075   0.02273   0.08335        51       416    0.9472    0.8517    0.9123    0.5236   0.03946   0.01037   0.02219
   292/499     1.42G   0.03757   0.01923   0.02217   0.07897        47       416     0.961    0.8505    0.9198    0.5326   0.03921   0.01036   0.02211
   293/499     1.42G   0.03702   0.02165   0.02186   0.08053        54       416    0.9584     0.856    0.9259    0.5247   0.03909   0.01023   0.02235
   294/499     1.42G   0.03683   0.02144   0.02136   0.07963        66       416    0.9179    0.8673    0.9267    0.5312   0.03874  0.009801   0.02226
   295/499     1.42G   0.03745   0.02031   0.02173   0.07949        75       416    0.9397    0.8537    0.9319    0.5297    0.0393  0.009724   0.02229
   296/499     1.42G   0.03692   0.02155   0.02157   0.08004        66       416    0.9514    0.8446    0.9306    0.5404   0.03924  0.009737   0.02256
   297/499     1.42G   0.03755   0.02149     0.022   0.08104        61       416    0.9736    0.8138       0.9    0.5267   0.03923  0.009736    0.0225
   298/499     1.42G   0.03769   0.02056   0.02128   0.07954        52       416    0.8859    0.8724    0.8931    0.5361   0.03872  0.009758   0.02279
   299/499     1.42G   0.03759   0.02091   0.02204   0.08054        82       416    0.9069    0.8142    0.8887    0.5385   0.03858      0.01   0.02267
   300/499     1.42G   0.03663   0.02054   0.02097   0.07813        63       416    0.9278    0.7843    0.8891    0.5237   0.03912   0.01026   0.02275
   301/499     1.42G   0.03726   0.01975   0.02182   0.07882        62       416    0.8583    0.8049    0.8841    0.5142   0.03929   0.01047   0.02307
   302/499     1.42G   0.03731   0.02139   0.02185   0.08055        57       416     0.903    0.7679    0.8866    0.5275   0.03902   0.01025   0.02288
   303/499     1.42G   0.03736   0.01896   0.02109   0.07742        60       416    0.8927    0.8282    0.9118    0.5298   0.03867    0.0104   0.02233
   304/499     1.42G   0.03813   0.02229   0.02117    0.0816        73       416    0.9418    0.8455    0.8986    0.5262   0.03955   0.01095   0.02214
   305/499     1.42G   0.03715   0.01956   0.02232   0.07902        63       416    0.9181    0.8375    0.9073     0.535   0.03931   0.01055   0.02197
   306/499     1.42G   0.03739   0.02149   0.02119   0.08007        59       416    0.8815    0.8716    0.9105     0.551   0.03872   0.01002     0.022
   307/499     1.42G   0.03748    0.0198   0.02187   0.07916        76       416    0.9012    0.8371    0.8923    0.5276   0.03864   0.01051   0.02211
   308/499     1.42G   0.03748   0.02094   0.02097   0.07939        77       416    0.8913    0.8017    0.8711    0.5322   0.03842    0.0108     0.022
   309/499     1.42G   0.03749   0.02056   0.02138   0.07943        78       416    0.9115    0.8075    0.8804     0.536   0.03852   0.01057   0.02183
   310/499     1.42G   0.03772   0.02153   0.02113   0.08038        86       416    0.9214     0.808    0.8924    0.5565   0.03779   0.01025   0.02181
   311/499     1.42G   0.03709   0.01955   0.02102   0.07767        39       416    0.9094    0.8729    0.9136    0.5432   0.03827   0.01016   0.02183
   312/499     1.42G   0.03672   0.01968   0.02082   0.07722        47       416    0.9278    0.8762    0.9167    0.5463   0.03844   0.01007   0.02199
   313/499     1.42G   0.03587   0.01936   0.02145   0.07668        61       416    0.9577    0.8762     0.914    0.5502   0.03865   0.00999   0.02215
   314/499     1.42G   0.03745   0.01922   0.02165   0.07832        54       416    0.9404    0.8617    0.9224    0.5516   0.03862  0.009867   0.02219
   315/499     1.42G   0.03759   0.02086   0.02098   0.07944        80       416    0.9289    0.8384    0.9193    0.5381   0.03871   0.00993   0.02234
   316/499     1.42G   0.03712   0.01996   0.02193     0.079        34       416    0.9898     0.795    0.9098    0.5172   0.03862   0.01019   0.02225
   317/499     1.42G   0.03611   0.02039   0.02125   0.07775        66       416    0.9424    0.8177    0.9033    0.5372   0.03899   0.01022   0.02225
   318/499     1.42G   0.03739   0.02036   0.02175    0.0795        48       416    0.9542    0.8215    0.9123    0.5492   0.03839  0.009953   0.02189
   319/499     1.42G   0.03649   0.02029   0.02113    0.0779        54       416    0.9407    0.8644     0.916    0.5466   0.03845  0.009966   0.02196
   320/499     1.42G   0.03716   0.02001   0.02168   0.07885        74       416    0.9039    0.8567    0.9021    0.5321   0.03886   0.01008   0.02224
   321/499     1.42G    0.0352     0.019   0.02074   0.07494        66       416    0.9173    0.8544    0.8928    0.5302   0.03947   0.01022   0.02262
   322/499     1.42G   0.03832   0.02105    0.0222   0.08157        74       416    0.9297    0.8474    0.8947    0.5372   0.03986   0.01029   0.02293
   323/499     1.42G    0.0368   0.02146   0.02157   0.07983        56       416    0.9074    0.8587    0.9011    0.5358   0.03928  0.009929   0.02308
   324/499     1.42G   0.03643   0.02083   0.02154    0.0788        59       416    0.9459    0.8697    0.9171    0.5439   0.03909  0.009757   0.02251
   325/499     1.42G   0.03689   0.01983   0.02153   0.07825        71       416    0.9557    0.8601    0.9157    0.5301    0.0396  0.009787   0.02225
   326/499     1.42G   0.03628   0.02002   0.02173   0.07802        48       416    0.9562    0.8603    0.9161    0.5282   0.03935  0.009719   0.02202
   327/499     1.42G   0.03598   0.02041   0.02137   0.07775        40       416    0.8993    0.8696    0.9406     0.537   0.03893  0.009498   0.02186
   328/499     1.42G    0.0373     0.021   0.02164   0.07994        64       416    0.9031    0.8387    0.9221    0.5279   0.03916  0.009512   0.02203
   329/499     1.42G   0.03658   0.02034   0.02114   0.07805        70       416    0.8723    0.8378    0.9287     0.531   0.03873  0.009558    0.0223
   330/499     1.42G    0.0369   0.02114    0.0206   0.07864        75       416    0.8339    0.8729    0.9257    0.5319   0.03896  0.009687   0.02269
   331/499     1.42G   0.03601   0.01915   0.02067   0.07583        58       416    0.9026    0.8181    0.9293    0.5483   0.03873  0.009711   0.02245
   332/499     1.42G   0.03629   0.01923    0.0209   0.07642        58       416    0.8721    0.8852    0.9306     0.537   0.03896  0.009724    0.0221
   333/499     1.42G   0.03633   0.01834   0.02102   0.07569        44       416    0.8946    0.8831    0.9262    0.5383   0.03873  0.009767   0.02174
   334/499     1.42G   0.03616   0.02018   0.01998   0.07632        36       416     0.886    0.8683    0.9236    0.5439   0.03823  0.009859   0.02194
   335/499     1.42G   0.03601   0.02058   0.02183   0.07842        91       416    0.9014    0.8391     0.918    0.5527   0.03811  0.009794   0.02203
   336/499     1.42G   0.03592   0.01862   0.02104   0.07558        57       416    0.9332    0.8401    0.9175    0.5325   0.03833  0.009657   0.02232
   337/499     1.42G   0.03577   0.01939   0.02052   0.07568        72       416    0.9194    0.8561    0.9156    0.5485   0.03777  0.009681   0.02248
   338/499     1.42G   0.03605   0.02003   0.02096   0.07703        72       416    0.9407    0.8709    0.9256    0.5743   0.03729   0.00973   0.02229
   339/499     1.42G   0.03667   0.01939   0.02096   0.07702        31       416    0.9384    0.8689    0.9109    0.5595   0.03802  0.009864   0.02215
   340/499     1.42G   0.03634    0.0208   0.02136    0.0785        45       416    0.9495    0.8539    0.9161    0.5561   0.03923  0.009793   0.02187
   341/499     1.42G   0.03659   0.02009   0.02114   0.07782        60       416    0.9566    0.8313    0.9157    0.5541   0.03835  0.009702   0.02161
   342/499     1.42G   0.03464     0.019    0.0209   0.07454        69       416    0.9453    0.8306    0.9108    0.5589   0.03896  0.009837   0.02169
   343/499     1.42G   0.03671    0.0205   0.02058   0.07778        41       416    0.9359    0.8189    0.9049    0.5529   0.03927  0.009758   0.02214
   344/499     1.42G   0.03593   0.01996    0.0215   0.07739        54       416    0.9293    0.8262    0.8992    0.5418    0.0398  0.009857   0.02248
   345/499     1.42G    0.0357   0.01894   0.02057   0.07521        33       416    0.9203    0.8094    0.8906     0.537   0.03952  0.009623   0.02239
   346/499     1.42G   0.03603   0.02045    0.0211   0.07758        71       416    0.9447    0.7938    0.8986    0.5342   0.03915    0.0098   0.02246
   347/499     1.42G   0.03615   0.01948    0.0205   0.07614        60       416    0.8682    0.8328    0.9032    0.5405     0.039   0.01023   0.02253
   348/499     1.42G   0.03523    0.0192   0.02071   0.07513        67       416      0.91    0.8298    0.8944    0.5256   0.03901   0.01058   0.02281
   349/499     1.42G   0.03625   0.01939    0.0209   0.07654        64       416    0.9054    0.8049    0.8815    0.5187   0.03876   0.01092   0.02289
   350/499     1.42G   0.03535   0.02103   0.02135   0.07772        38       416    0.9391    0.7524    0.8869    0.5302   0.03864   0.01067   0.02303
   351/499     1.42G   0.03618   0.01975   0.02195   0.07787        60       416    0.9268     0.833    0.9092    0.5347    0.0386   0.01009    0.0233
   352/499     1.42G   0.03633   0.01946    0.0209   0.07669        48       416    0.9409    0.8515    0.9126    0.5584   0.03771   0.00977   0.02287
   353/499     1.42G   0.03435   0.01864   0.02082    0.0738        33       416    0.9444    0.8718    0.9162     0.553   0.03774   0.00972   0.02245
   354/499     1.42G   0.03544   0.01977   0.02045   0.07566        54       416    0.9514    0.8513    0.9223    0.5589   0.03808  0.009613   0.02204
   355/499     1.42G   0.03496    0.0199   0.02049   0.07534        61       416    0.9037     0.899    0.9277    0.5627   0.03767  0.009474   0.02197
   356/499     1.42G   0.03534   0.01889   0.02015   0.07438        39       416    0.9317    0.8541    0.9272    0.5598    0.0382  0.009552    0.0221
   357/499     1.42G    0.0354   0.01962   0.02116   0.07618        54       416    0.9386    0.8676     0.924    0.5651   0.03862  0.009599   0.02201
   358/499     1.42G   0.03604   0.02039   0.02162   0.07805        50       416    0.9697    0.8563    0.9186    0.5382   0.03931  0.009813   0.02214
   359/499     1.42G   0.03547   0.02079   0.02126   0.07752        55       416    0.9165    0.8372    0.9119    0.5228   0.03981  0.009927   0.02246
   360/499     1.42G   0.03547   0.01839   0.02136   0.07523        26       416     0.938    0.8488    0.9304    0.5269   0.03901  0.009809   0.02207
   361/499     1.42G   0.03528   0.02003   0.01996   0.07527        60       416    0.9319    0.8381    0.9109    0.5349   0.03895  0.009695   0.02221
   362/499     1.42G   0.03423   0.01918   0.02039    0.0738        41       416    0.9243    0.8288    0.9182     0.547   0.03877  0.009633   0.02232
   363/499     1.42G   0.03561   0.02026   0.02142   0.07729        63       416    0.9405    0.8421    0.9218    0.5535   0.03889  0.009581   0.02217
   364/499     1.42G   0.03561   0.01914   0.02103   0.07578        57       416     0.927     0.863    0.9193    0.5497   0.03906  0.009552   0.02188
   365/499     1.42G   0.03516   0.01925   0.02103   0.07545        73       416      0.95    0.8702    0.9388    0.5442    0.0392  0.009576   0.02195
   366/499     1.42G   0.03575   0.01801   0.02122   0.07498        40       416     0.942    0.8636    0.9352     0.562   0.03888  0.009495   0.02172
   367/499     1.42G   0.03523   0.01992   0.02065    0.0758        46       416    0.9279    0.8646    0.9364    0.5576   0.03857  0.009301   0.02174
   368/499     1.42G   0.03569   0.01918   0.02074   0.07561        54       416    0.9488    0.8238     0.919    0.5711   0.03877  0.009228   0.02175
   369/499     1.42G   0.03552   0.02083   0.02068   0.07704        48       416    0.9302    0.8537    0.8987    0.5568   0.03918  0.009462   0.02208
   370/499     1.42G   0.03448   0.01844   0.02047   0.07339        74       416     0.945    0.8161    0.9123    0.5514   0.03861  0.009882   0.02241
   371/499     1.42G   0.03513   0.01912   0.02091   0.07516        57       416    0.9369    0.8384    0.9135    0.5407   0.03916   0.01042   0.02269
   372/499     1.42G   0.03458    0.0197   0.02078   0.07505        59       416     0.929     0.855    0.9041    0.5427   0.03991   0.01035   0.02267
   373/499     1.42G   0.03644    0.0193   0.02063   0.07637        51       416    0.9091    0.8853    0.9102    0.5394   0.03938    0.0101   0.02239
   374/499     1.42G   0.03521   0.02038   0.02088   0.07648        67       416    0.9435    0.8656    0.9223    0.5359   0.03962   0.01013   0.02241
   375/499     1.42G   0.03539   0.01996   0.02053   0.07589        52       416    0.9241    0.8535    0.9061    0.5382   0.03942    0.0102   0.02235
   376/499     1.42G   0.03447    0.0184   0.02062   0.07349        71       416    0.9563    0.8341    0.9138    0.5524   0.03905   0.01003   0.02223
   377/499     1.42G   0.03626   0.02025   0.02015   0.07666        46       416    0.9517    0.8475    0.9153    0.5481   0.03871  0.009889   0.02236
   378/499     1.42G    0.0356   0.02032    0.0206   0.07653        62       416    0.9505    0.8209    0.9086     0.557   0.03832   0.01001   0.02257
   379/499     1.42G   0.03583   0.02042   0.02041   0.07666        62       416    0.9226    0.8601      0.92    0.5467   0.03883    0.0102    0.0224
   380/499     1.42G   0.03495   0.02055   0.02172   0.07722        71       416    0.9386    0.8517     0.913    0.5544   0.03859   0.01004   0.02227
   381/499     1.42G   0.03498    0.0188   0.02059   0.07437        63       416    0.9375    0.8516    0.9142    0.5501   0.03898   0.01004   0.02201
   382/499     1.42G   0.03596   0.01838   0.02068   0.07502        43       416    0.9128     0.862    0.9133    0.5365   0.03882   0.01017   0.02188
   383/499     1.42G   0.03569    0.0186   0.01985   0.07415        66       416    0.9327    0.8612    0.9102    0.5479   0.03906   0.01025   0.02188
   384/499     1.42G    0.0354   0.01919    0.0208   0.07539        53       416    0.9071    0.8662    0.9109    0.5434   0.03921   0.01017   0.02185
   385/499     1.42G   0.03581   0.02028   0.02017   0.07626        58       416    0.9945    0.7955    0.9163     0.559   0.03863    0.0101   0.02178
   386/499     1.42G   0.03514   0.01982   0.02105   0.07601        48       416     0.993    0.8045    0.9264    0.5628   0.03866  0.009857   0.02169
   387/499     1.42G   0.03494   0.02086    0.0206   0.07641        64       416    0.9193    0.8501    0.9174    0.5568   0.03838   0.01001   0.02168
   388/499     1.42G   0.03466    0.0202   0.01993   0.07479        69       416    0.9417    0.8346    0.9148    0.5488   0.03823   0.01003   0.02152
   389/499     1.42G   0.03553   0.01993   0.02012   0.07558        50       416    0.9211    0.8216    0.9064    0.5439   0.03866   0.01039   0.02168
   390/499     1.42G   0.03512    0.0185   0.02015   0.07377        53       416    0.9059    0.8235    0.8972    0.5263   0.03925   0.01073   0.02204
   391/499     1.42G   0.03493   0.01917   0.02124   0.07534        35       416    0.9243    0.7753    0.9024    0.5254   0.03923   0.01025   0.02195
   392/499     1.42G   0.03541   0.01968   0.02059   0.07568        63       416     0.902    0.8124    0.9135    0.5327   0.03988   0.00983   0.02197
   393/499     1.42G   0.03517   0.01975   0.02049   0.07541        55       416    0.9002    0.8501    0.9175    0.5372   0.03973  0.009756   0.02201
   394/499     1.42G   0.03535   0.01946    0.0195   0.07431        62       416    0.9074    0.8643    0.9197    0.5335   0.03897   0.00982   0.02184
   395/499     1.42G   0.03459   0.01883   0.02137   0.07479        53       416    0.9036    0.8582    0.9289    0.5286   0.03871  0.009903   0.02163
   396/499     1.42G   0.03511   0.01901   0.02068   0.07479        47       416    0.9451     0.864    0.9337     0.521   0.03913   0.01008   0.02174
   397/499     1.42G   0.03528   0.01895   0.01984   0.07407        74       416    0.9549    0.8469    0.9457     0.533   0.03966  0.009855    0.0216
   398/499     1.42G   0.03494   0.01971   0.02035     0.075        76       416    0.9349    0.8422    0.9225    0.5311    0.0394  0.009625   0.02181
   399/499     1.42G    0.0347   0.01952   0.01971   0.07393        54       416    0.9509    0.8521    0.9532    0.5403    0.0393  0.009712   0.02207
   400/499     1.42G   0.03577   0.02011    0.0202   0.07609        55       416    0.9472    0.8623     0.947    0.5473   0.03917   0.00981   0.02178
   401/499     1.42G    0.0345   0.01956   0.02119   0.07525        65       416    0.9582    0.8592    0.9395    0.5418    0.0389  0.009921    0.0216
   402/499     1.42G   0.03481   0.01844   0.02001   0.07326        78       416     0.923    0.8705     0.932      0.54   0.03913    0.0102   0.02158
   403/499     1.42G   0.03533   0.02009   0.02063   0.07605        70       416     0.932     0.855    0.9378    0.5356   0.03916   0.01026   0.02145
   404/499     1.42G   0.03437   0.01914   0.02021   0.07372        45       416    0.9481    0.8529    0.9399    0.5408   0.03868   0.01008    0.0214
   405/499     1.42G    0.0345   0.01994   0.01938   0.07382        54       416    0.9634    0.8394    0.9451    0.5451   0.03858   0.01006    0.0214
   406/499     1.42G   0.03488   0.02031   0.02029   0.07547        56       416    0.9207    0.8857    0.9462    0.5519    0.0383  0.009978   0.02122
   407/499     1.42G   0.03387   0.01878   0.01969   0.07235        44       416    0.9212    0.8878    0.9323    0.5502   0.03839  0.009827   0.02111
   408/499     1.42G   0.03455   0.01911   0.02045   0.07411        46       416    0.9299    0.8814    0.9414    0.5401   0.03886  0.009725   0.02115
   409/499     1.42G   0.03471   0.01966   0.02019   0.07456        59       416    0.9122     0.888    0.9365    0.5304   0.03936  0.009806   0.02134
   410/499     1.42G   0.03493   0.01851   0.02059   0.07404        48       416    0.9557    0.8522    0.9204     0.537    0.0393  0.009986   0.02148
   411/499     1.42G   0.03503   0.01951   0.02157    0.0761        66       416    0.9459    0.8655    0.9177    0.5454   0.03888   0.01007   0.02163
   412/499     1.42G   0.03358   0.01911    0.0195   0.07219        47       416    0.9421    0.8591    0.9167    0.5541   0.03852   0.01001   0.02172
   413/499     1.42G     0.035   0.01869   0.02029   0.07398        57       416    0.9524    0.8627    0.9199    0.5525   0.03849  0.009913    0.0218
   414/499     1.42G   0.03423   0.01868    0.0198   0.07271        53       416    0.9721    0.8339    0.9217    0.5415   0.03862  0.009854   0.02173
   415/499     1.42G   0.03351   0.01909   0.02035   0.07295        48       416    0.9303     0.856    0.9202    0.5481   0.03856  0.009843   0.02157
   416/499     1.42G   0.03386   0.01836   0.02071   0.07293        32       416    0.9329    0.8664    0.9219    0.5482   0.03852  0.009877   0.02139
   417/499     1.42G   0.03441   0.01903   0.01958   0.07301        48       416    0.9362    0.8923    0.9277    0.5594   0.03828  0.009755    0.0214
   418/499     1.42G   0.03417   0.01698   0.02019   0.07135        54       416    0.9341     0.868    0.9248     0.553   0.03831  0.009786   0.02142
   419/499     1.42G   0.03441   0.01826   0.01969   0.07236        60       416    0.9233    0.8692    0.9081    0.5567   0.03862  0.009913   0.02143
   420/499     1.42G   0.03338   0.01864    0.0201   0.07212        54       416    0.9561    0.8578    0.9167    0.5697   0.03825  0.009923   0.02147
   421/499     1.42G    0.0342   0.01902   0.01982   0.07305        52       416    0.9171    0.8823    0.9277    0.5597   0.03836  0.009751   0.02144
   422/499     1.42G   0.03562   0.02028   0.02049   0.07639        45       416    0.9202    0.8587    0.9348    0.5751   0.03849  0.009669   0.02152
   423/499     1.42G    0.0344    0.0185    0.0207    0.0736        45       416    0.9272    0.8656     0.939    0.5575   0.03877  0.009558   0.02161
   424/499     1.42G   0.03384   0.02034   0.01985   0.07402        55       416    0.9403     0.869    0.9291    0.5493   0.03891  0.009653   0.02172
   425/499     1.42G   0.03379   0.01795   0.01991   0.07165        35       416    0.9385    0.8609     0.924    0.5423   0.03929    0.0099   0.02171
   426/499     1.42G   0.03358   0.01886   0.02085    0.0733        62       416    0.9367    0.8595    0.9263    0.5505   0.03889  0.009871   0.02163
   427/499     1.42G   0.03401   0.01731   0.02037   0.07169        35       416    0.9436    0.8945    0.9232    0.5525   0.03841  0.009843   0.02164
   428/499     1.42G   0.03497    0.0187    0.0203   0.07397        36       416    0.9545    0.8784    0.9187    0.5654   0.03815  0.009765   0.02193
   429/499     1.42G   0.03392   0.01849   0.02011   0.07253        83       416    0.9455    0.8697    0.9192     0.554   0.03835  0.009664   0.02218
   430/499     1.42G   0.03438   0.01804   0.02044   0.07286        56       416    0.9407    0.8672    0.9205    0.5625   0.03846  0.009611   0.02216
   431/499     1.42G   0.03456   0.01983   0.02031    0.0747        50       416     0.926    0.8681    0.9218      0.56   0.03844  0.009671   0.02221
   432/499     1.42G   0.03435   0.01837   0.02018    0.0729        45       416    0.8895    0.8782    0.9229    0.5559   0.03869  0.009682   0.02219
   433/499     1.42G   0.03349   0.01863   0.02032   0.07244        51       416    0.9652    0.8337    0.9224    0.5476   0.03892  0.009881   0.02212
   434/499     1.42G   0.03376   0.01876   0.01991   0.07243        39       416    0.9112    0.8863    0.9215    0.5519   0.03884  0.009877   0.02196
   435/499     1.42G   0.03475   0.01883   0.02057   0.07416        73       416    0.9293    0.8664    0.9197    0.5446   0.03878  0.009884   0.02186
   436/499     1.42G   0.03377   0.01741    0.0204   0.07159        45       416    0.9315    0.8716    0.9396    0.5515   0.03865  0.009863   0.02158
   437/499     1.42G   0.03457   0.01981   0.02027   0.07465        72       416    0.9758    0.8312    0.9418    0.5476   0.03847  0.009814   0.02139
   438/499     1.42G   0.03449   0.01864   0.02051   0.07364        44       416    0.9132    0.8656    0.9366    0.5479   0.03851  0.009771   0.02158
   439/499     1.42G   0.03428   0.01859   0.02043    0.0733        57       416     0.975     0.829    0.9225    0.5468   0.03867  0.009819   0.02192
   440/499     1.42G    0.0341   0.01744   0.02046   0.07201        62       416    0.9287    0.8773    0.9193    0.5552   0.03853  0.009747   0.02202
   441/499     1.42G    0.0339   0.01999   0.01952    0.0734        37       416     0.963    0.8403    0.9161    0.5662   0.03865  0.009732   0.02217
   442/499     1.42G   0.03413   0.01942   0.02015   0.07369        55       416    0.9249    0.8686     0.914    0.5496   0.03904  0.009997   0.02245
   443/499     1.42G   0.03466   0.01839   0.02019   0.07323        31       416    0.9194    0.8678      0.91    0.5462   0.03929   0.01007   0.02281
   444/499     1.42G   0.03348   0.01817   0.02006   0.07172        39       416    0.9504    0.8338    0.9141    0.5404   0.03916  0.009958   0.02283
   445/499     1.42G    0.0347   0.01853   0.01918   0.07241        41       416    0.9366    0.8559    0.9174    0.5437    0.0386  0.009913   0.02264
   446/499     1.42G    0.0339    0.0193   0.02014   0.07334        51       416    0.9508    0.8408    0.9174    0.5425   0.03847  0.009951   0.02249
   447/499     1.42G   0.03426   0.01766   0.02051   0.07243        60       416    0.9578    0.8338    0.9152    0.5257   0.03894    0.0101   0.02229
   448/499     1.42G    0.0341    0.0173   0.01997   0.07137        42       416    0.9379    0.8603    0.9239    0.5247   0.03903   0.01012   0.02227
   449/499     1.42G   0.03341   0.01812   0.02059   0.07212        45       416    0.9208    0.8638    0.9199    0.5397   0.03889   0.01002   0.02221
   450/499     1.42G   0.03466   0.01755   0.02049    0.0727        63       416    0.9129    0.8888     0.921    0.5481    0.0386  0.009885   0.02212
   451/499     1.42G   0.03394    0.0179   0.02021   0.07205        45       416    0.8445    0.9093    0.9301    0.5418   0.03917   0.01001   0.02202
   452/499     1.42G    0.0332   0.01816    0.0197   0.07106        59       416    0.8815    0.8874    0.9293    0.5337   0.03938    0.0102   0.02217
   453/499     1.42G   0.03426   0.01742   0.01989   0.07158        43       416    0.8766    0.8839    0.9279    0.5297   0.03948   0.01023   0.02207
   454/499     1.42G   0.03401   0.01778   0.02007   0.07187        43       416    0.8869    0.8787    0.9219     0.532   0.03937   0.01023     0.022
   455/499     1.42G   0.03258   0.01935   0.01945   0.07138        55       416    0.8768    0.8563    0.9207    0.5332   0.03901   0.01011   0.02219
   456/499     1.42G   0.03409   0.01951   0.01964   0.07324        53       416    0.9875    0.7876    0.9209    0.5348   0.03909    0.0101   0.02238
   457/499     1.42G   0.03407   0.01901   0.02012    0.0732        65       416    0.8563    0.8527    0.8965    0.5322   0.03932   0.01009    0.0223
   458/499     1.42G   0.03365   0.01904   0.01982   0.07251        62       416    0.8717    0.8354    0.8943    0.5353   0.03906   0.01018    0.0224
   459/499     1.42G   0.03422   0.01771   0.02057    0.0725        43       416    0.9013    0.8289     0.894    0.5404   0.03867   0.01013   0.02251
   460/499     1.42G   0.03304   0.01776   0.01967   0.07047        70       416    0.8838    0.8609    0.9092    0.5558   0.03829  0.009986   0.02234
   461/499     1.42G   0.03391   0.01748   0.02072   0.07211        38       416     0.906    0.8584    0.9119    0.5605   0.03782  0.009736   0.02223
   462/499     1.42G   0.03385   0.01839    0.0197   0.07194        59       416    0.8976    0.8596    0.9152    0.5472   0.03814  0.009632   0.02235
   463/499     1.42G   0.03424   0.01681   0.02012   0.07118        45       416    0.9504    0.8184    0.9011    0.5457   0.03846   0.00971   0.02256
   464/499     1.42G   0.03526   0.01888   0.01988   0.07402        59       416    0.9624    0.8168    0.9107    0.5499   0.03834  0.009753   0.02253
   465/499     1.42G   0.03354    0.0185   0.01974   0.07178        59       416    0.8931    0.8695    0.9111    0.5486   0.03866  0.009881   0.02239
   466/499     1.42G   0.03337   0.01801   0.01992   0.07129        58       416    0.9028    0.8624    0.9158    0.5418   0.03895  0.009978   0.02228
   467/499     1.42G   0.03312   0.01846    0.0197   0.07128        62       416     0.909    0.8542    0.9184    0.5388   0.03906  0.009977   0.02225
   468/499     1.42G   0.03305    0.0172   0.01961   0.06986        56       416    0.9165    0.8658    0.9223    0.5506   0.03885  0.009871   0.02217
   469/499     1.42G   0.03405   0.01823   0.02085   0.07313        54       416    0.9149    0.8506    0.9219     0.549   0.03917  0.009873   0.02237
   470/499     1.42G   0.03412    0.0179   0.02078    0.0728        37       416    0.9158     0.842    0.9119    0.5355   0.03904  0.009987   0.02268
   471/499     1.42G   0.03317   0.01858   0.02045   0.07221        58       416    0.9315    0.8317     0.913    0.5319     0.039  0.009948   0.02247
   472/499     1.42G   0.03344   0.01689   0.02069   0.07102        59       416    0.9256     0.862    0.9236    0.5432   0.03893  0.009857   0.02227
   473/499     1.42G   0.03353   0.01926   0.01972   0.07251        56       416    0.9325    0.8558     0.927      0.54   0.03951   0.01008   0.02224
   474/499     1.42G   0.03383   0.01926   0.02035   0.07344       110       416    0.9316    0.8538    0.9277    0.5471    0.0395   0.01006   0.02218
   475/499     1.42G   0.03305    0.0186   0.02054   0.07218        47       416    0.9487    0.8371    0.9247    0.5363   0.03963    0.0101   0.02194
   476/499     1.42G   0.03388   0.01937   0.02082   0.07407        83       416    0.9472     0.863    0.9414    0.5498   0.03908  0.009992   0.02169
   477/499     1.42G   0.03381   0.01882   0.01961   0.07223        64       416    0.9555    0.8734      0.94    0.5497   0.03875   0.01006   0.02174
   478/499     1.42G   0.03361   0.01806   0.02062   0.07228        45       416    0.9523    0.8611    0.9366    0.5426   0.03913   0.01019   0.02186
   479/499     1.42G   0.03368   0.01781   0.02004   0.07153        57       416    0.9592     0.863    0.9108    0.5529   0.03927   0.01039   0.02194
   480/499     1.42G   0.03311   0.01766   0.01976   0.07053        75       416    0.9731    0.8345    0.9078    0.5482   0.03912   0.01049   0.02191
   481/499     1.42G   0.03366   0.01846      0.02   0.07212        69       416     0.955    0.8628    0.9132    0.5494   0.03872   0.01044   0.02198
   482/499     1.42G   0.03293   0.01834   0.01928   0.07054        61       416    0.9637    0.8749    0.9355    0.5618   0.03823   0.01011   0.02195
   483/499     1.42G   0.03315   0.01904   0.02018   0.07237        89       416    0.9524    0.8771    0.9404    0.5677   0.03782  0.009758   0.02197
   484/499     1.42G   0.03346   0.01928   0.01978   0.07252        68       416    0.9647    0.8711    0.9416    0.5593   0.03796  0.009624   0.02182
   485/499     1.42G    0.0337   0.01837   0.02025   0.07232        76       416    0.9562    0.8676    0.9484     0.558   0.03793  0.009518   0.02158
   486/499     1.42G   0.03317    0.0181   0.01987   0.07114        62       416     0.951    0.8699    0.9427    0.5664   0.03823  0.009573   0.02144
   487/499     1.42G   0.03389   0.01837   0.01999   0.07224        45       416    0.9381    0.8629    0.9348    0.5624   0.03839  0.009797   0.02144
   488/499     1.42G    0.0335   0.01833   0.02011   0.07194        35       416     0.955    0.8414    0.9239    0.5544   0.03855  0.009992   0.02145
   489/499     1.42G   0.03339   0.01775   0.02031   0.07145        56       416    0.9339    0.8663    0.9201     0.539   0.03903   0.01018   0.02151
   490/499     1.42G   0.03428   0.01819   0.01958   0.07205        68       416    0.9339    0.8586    0.9219     0.531   0.03909   0.01022   0.02141
   491/499     1.42G   0.03355   0.01829   0.01956   0.07139        85       416    0.8692    0.8788    0.9134    0.5239   0.03945   0.01017   0.02138
   492/499     1.42G   0.03483   0.01887   0.01955   0.07325        61       416    0.8797    0.8625     0.893    0.5231   0.03938   0.01002    0.0214
   493/499     1.42G   0.03277   0.01677   0.02063   0.07017        52       416    0.8748     0.868    0.8966    0.5352   0.03916  0.009967    0.0214
   494/499     1.42G   0.03359   0.01892    0.0206   0.07311        60       416    0.9031    0.8762    0.9123    0.5405   0.03896  0.009912   0.02143
   495/499     1.42G   0.03435   0.01811   0.01936   0.07182        39       416    0.9064    0.8711    0.9281    0.5454   0.03854  0.009794    0.0214
   496/499     1.42G     0.034   0.01928   0.01935   0.07262        47       416    0.9975    0.8077    0.9224    0.5401   0.03864  0.009875   0.02143
   497/499     1.42G   0.03402   0.01804   0.02028   0.07235        64       416     0.956    0.8373    0.9161    0.5436    0.0385  0.009894   0.02155
   498/499     1.42G    0.0334   0.01911   0.01992   0.07243        64       416    0.9387    0.8429    0.9112    0.5307   0.03821  0.009885   0.02144
   499/499     1.42G   0.03346   0.01863   0.01998   0.07206        68       416    0.9044     0.879    0.9153     0.533   0.03831  0.009836   0.02139
