     0/349     1.41G     0.106   0.04682   0.04469    0.1975        54       416 0.0004252   0.07547 0.0001645 2.313e-05   0.09591   0.02708   0.04362
     1/349     1.46G    0.1027    0.0509   0.04469    0.1983        49       416 0.0004355   0.07547 0.0001798 3.074e-05   0.09301   0.02802   0.04338
     2/349     1.46G    0.1001   0.04857   0.04422    0.1929        16       416    0.2506   0.06604 0.0001744  2.59e-05   0.09168   0.02854   0.04315
     3/349     1.46G   0.09798    0.0492   0.04419    0.1914        12       416 0.0005208   0.06604  0.000158 2.318e-05   0.09079   0.02886   0.04295
     4/349     1.46G   0.09807   0.04853   0.04398    0.1906        29       416 0.0004053   0.07075 0.0001841 3.131e-05   0.09039   0.02907   0.04277
     5/349     1.46G   0.09598   0.05227   0.04356    0.1918        34       416 0.0007581   0.08074  0.000177 2.805e-05   0.08989   0.02921   0.04258
     6/349     1.46G   0.09541   0.05552   0.04316    0.1941        42       416 0.0006407   0.07339 0.0001693 2.681e-05   0.08965   0.02938   0.04244
     7/349     1.46G   0.09516   0.05744   0.04294    0.1955        34       416 0.0006204   0.07339 0.0001974 3.189e-05    0.0894    0.0295   0.04229
     8/349     1.46G   0.09577   0.05086   0.04269    0.1893        19       416   0.01081    0.0779 0.0006091 8.363e-05     0.089   0.02965   0.04213
     9/349     1.46G   0.09643   0.05383   0.04261    0.1929        57       416  0.004065   0.07318 0.0004883 6.029e-05   0.08915   0.02956   0.04199
    10/349     1.46G   0.09494   0.05251   0.04235    0.1898        33       416  0.002515   0.07318 0.0003255 4.412e-05   0.08935   0.02945   0.04188
    11/349     1.46G   0.09506   0.05221   0.04223    0.1895        46       416 0.0006979   0.07811 0.0002362  2.79e-05   0.08916    0.0295   0.04179
    12/349     1.46G   0.09444   0.05512   0.04208    0.1916        28       416    0.8109  0.004717  0.001578 0.0001639   0.08902   0.02949   0.04167
    13/349     1.46G   0.09341   0.05562   0.04173    0.1908        58       416  0.002556   0.07318 0.0003386  5.15e-05   0.08899   0.02971   0.04164
    14/349     1.46G   0.09312   0.05015   0.04188    0.1851        22       416  0.003314   0.04016 0.0003829 4.703e-05   0.08933   0.02962    0.0417
    15/349     1.46G   0.09269   0.05364   0.04176    0.1881        40       416  0.009941   0.03073  0.000854 0.0001382   0.08858   0.03001   0.04155
    16/349     1.46G   0.09216   0.05219   0.04161     0.186        38       416  0.006965  0.009434 0.0007485 9.327e-05   0.08872   0.02994    0.0414
    17/349     1.46G   0.09362   0.05653   0.04176    0.1919        51       416  0.007582  0.004717 0.0004822 5.801e-05     0.089   0.02978   0.04142
    18/349     1.46G     0.093   0.05396    0.0418    0.1888        57       416  0.001558    0.1145 0.0004167 7.644e-05   0.08904   0.02975   0.04125
    19/349     1.46G   0.09286    0.0546   0.04147    0.1889        38       416  0.004601   0.07811  0.000679 0.0001048   0.08834   0.03014   0.04125
    20/349     1.46G    0.0906   0.05825   0.04137    0.1902        34       416  0.002251    0.1114 0.0006042 0.0001003    0.0874   0.03052   0.04113
    21/349     1.46G   0.09205   0.05221   0.04161    0.1859        13       416  0.001988    0.1306  0.000643  0.000111   0.08641   0.03099   0.04103
    22/349     1.46G    0.0899   0.05538   0.04114    0.1864        36       416    0.5108  0.009434  0.001426 0.0002536   0.08777   0.03057   0.04107
    23/349     1.46G   0.08896   0.05717   0.04129    0.1874        34       416    0.8967   0.03774   0.04626   0.01031   0.08203   0.03249   0.04077
    24/349     1.46G   0.08854   0.06033   0.04103    0.1899        32       416    0.2555  0.004717  0.000428 8.619e-05   0.08999   0.02963   0.04093
    25/349     1.46G   0.08791   0.05872   0.04104    0.1877        20       416   0.01859   0.08317  0.002201 0.0003459   0.08654   0.03079   0.04076
    26/349     1.46G   0.08865   0.05896   0.04119    0.1888        54       416    0.2909   0.08858   0.01298  0.002058   0.08587   0.03149   0.04076
    27/349     1.46G   0.08641   0.06079   0.04085    0.1881        20       416    0.4526   0.05237   0.01954  0.005427   0.08303   0.03252   0.04059
    28/349     1.46G    0.0869   0.05897   0.04118    0.1871        38       416    0.4283   0.08088   0.04878   0.01459   0.08277   0.03308   0.04034
    29/349     1.46G   0.08555    0.0562   0.04111    0.1829        35       416    0.6351   0.06146    0.0484   0.01134   0.08391   0.03309   0.04029
    30/349     1.46G   0.08567   0.06349    0.0406    0.1898        70       416  0.004399   0.02358 0.0007726  0.000136   0.09224    0.0304   0.04084
    31/349     1.46G   0.08318   0.05288   0.04085    0.1769        18       416    0.4097    0.1017   0.06574   0.01996   0.07967    0.0342   0.04007
    32/349     1.46G   0.08427   0.05784   0.04089     0.183        27       416    0.3191   0.08823   0.01633  0.003529   0.08295   0.03383   0.04012
    33/349     1.46G   0.08439   0.06105   0.04064    0.1861        49       416    0.4129   0.01471   0.01045  0.001335   0.08562   0.03233   0.04051
    34/349     1.46G   0.08313   0.05953   0.04052    0.1832        33       416    0.5999   0.07646   0.06686   0.02045   0.07731   0.03361    0.0399
    35/349     1.46G   0.08186   0.05762   0.04039    0.1799        39       416     0.536   0.07123   0.05347   0.01773   0.07636   0.03381   0.03975
    36/349     1.46G   0.08238   0.05798   0.04016    0.1805        38       416   0.02324    0.1755  0.009739  0.002312   0.08087   0.03412   0.03993
    37/349     1.46G   0.08087   0.05957   0.04039    0.1808        52       416    0.1881    0.1111   0.06192   0.01653   0.07306   0.03415   0.03944
    38/349     1.46G   0.07963   0.05943    0.0399     0.179        57       416   0.05973   0.05563   0.01586  0.002784   0.08384   0.04653   0.03965
    39/349     1.46G   0.07872   0.05306   0.03987    0.1716        18       416   0.05796    0.1279   0.02974  0.005231   0.07653   0.03129   0.03929
    40/349     1.46G   0.07764   0.05001   0.04021    0.1679        14       416     0.339   0.05445    0.0354  0.007902   0.08209   0.03198   0.03941
    41/349     1.46G   0.07573   0.05148   0.03922    0.1664        32       416    0.0477    0.1905   0.03048  0.008329   0.07615   0.03451   0.03865
    42/349     1.46G   0.07806   0.05174   0.03896    0.1688        51       416    0.1076    0.3136    0.1205   0.03257   0.06898   0.03392   0.03769
    43/349     1.46G   0.07419   0.05102   0.03838    0.1636        13       416   0.05897    0.1251   0.01506  0.003634   0.08021   0.05134   0.03865
    44/349     1.46G    0.0746   0.05164   0.03879     0.165        68       416    0.1035    0.2797    0.0667   0.01838   0.08147   0.05011   0.03703
    45/349     1.46G   0.07337    0.0527   0.03819    0.1643        46       416   0.09914    0.2665   0.06885   0.01933   0.08611   0.03767   0.03775
    46/349     1.46G   0.07529   0.04524   0.03754    0.1581        11       416    0.5194    0.3232    0.2382   0.07586   0.06528   0.03082   0.03474
    47/349     1.46G   0.07289   0.05114   0.03695     0.161        29       416    0.4963    0.2638      0.24   0.07125   0.06424   0.05536   0.03507
    48/349     1.46G     0.072   0.04602   0.03712    0.1551        34       416    0.5183     0.261     0.232   0.06095   0.07298   0.03352   0.03476
    49/349     1.46G   0.06969   0.04962   0.03663    0.1559        42       416     0.136    0.1401   0.06928   0.01897   0.08139   0.02918   0.03631
    50/349     1.46G     0.073   0.04692   0.03592    0.1558        19       416    0.2784    0.2303    0.1705   0.04931   0.06996   0.02984   0.03621
    51/349     1.46G   0.06786   0.04604   0.03533    0.1492        48       416    0.4464    0.3782    0.3181    0.1094   0.06132   0.02698   0.03276
    52/349     1.46G   0.07086   0.04865   0.03484    0.1543        44       416    0.3259    0.5034    0.3551    0.1153    0.0629   0.02875   0.03159
    53/349     1.46G    0.0696   0.04482   0.03538    0.1498        22       416    0.2895    0.5111     0.304    0.1003   0.06403   0.02615   0.03288
    54/349     1.46G   0.06793   0.04544   0.03448    0.1478        22       416    0.3932    0.4747    0.3639    0.1262   0.05839    0.0254   0.03055
    55/349     1.46G   0.06957   0.04569   0.03467    0.1499        47       416    0.5371     0.381     0.398    0.1352   0.06324   0.02641   0.03242
    56/349     1.46G   0.07285   0.04409   0.03425    0.1512        29       416    0.2595    0.2659    0.2053   0.07325   0.07304   0.02683   0.03239
    57/349     1.46G    0.0695    0.0467   0.03461    0.1508        42       416    0.2748    0.3939    0.2981   0.08434   0.06571   0.02846   0.03343
    58/349     1.46G   0.06862    0.0435   0.03454    0.1467        30       416      0.32     0.405    0.2931   0.09704   0.06579   0.02623   0.03455
    59/349     1.46G   0.06855   0.04688   0.03418    0.1496        45       416    0.3919    0.3122      0.29   0.09339   0.06507   0.02917   0.03248
    60/349     1.46G   0.06598    0.0459   0.03342    0.1453        55       416    0.2401    0.2953    0.1581   0.04403   0.07829   0.02923    0.0347
    61/349     1.46G   0.07045   0.04435     0.033    0.1478        25       416    0.4743      0.32    0.3227    0.1101   0.06439   0.02628   0.03123
    62/349     1.46G    0.0639    0.0423    0.0341    0.1403        26       416    0.3398    0.4106    0.3182    0.1224   0.06353   0.02386   0.03337
    63/349     1.46G   0.06239   0.04214   0.03187    0.1364        16       416    0.4927    0.5505    0.4376    0.1266   0.05807   0.02148    0.0294
    64/349     1.46G   0.06515   0.03981   0.03258    0.1375        20       416    0.5904    0.5293    0.5356    0.1715   0.05582   0.02174   0.02952
    65/349     1.46G   0.06364     0.046   0.03219    0.1418        58       416     0.435    0.6075    0.5151    0.1933   0.05704   0.02163   0.02954
    66/349     1.46G   0.06375   0.04126   0.03224    0.1373        27       416    0.6118     0.517     0.579     0.214   0.05562   0.02119   0.02867
    67/349     1.46G   0.06458   0.04196   0.03253    0.1391        46       416    0.3319    0.4173    0.2875   0.08765   0.06564   0.02551   0.03166
    68/349     1.46G   0.06171   0.04368   0.03214    0.1375        30       416    0.7213    0.4178    0.5245    0.2352   0.05456   0.02539   0.02993
    69/349     1.46G   0.06211   0.04057   0.03162    0.1343        21       416     0.565    0.5872    0.6053    0.2341   0.05281   0.02218   0.02891
    70/349     1.46G   0.06191   0.04422   0.03172    0.1378        20       416    0.5584    0.6267    0.6082    0.2328   0.05279   0.02253   0.02739
    71/349     1.46G   0.05898   0.04342   0.03151    0.1339        46       416    0.6229    0.6691    0.6532    0.2681   0.05136   0.02089   0.02792
    72/349     1.46G   0.05765   0.04269    0.0313    0.1316        22       416    0.6267    0.6008    0.6247    0.2484   0.05212   0.02212   0.02734
    73/349     1.46G   0.05695   0.04041   0.03054    0.1279        47       416    0.7037    0.5146    0.6021    0.2577   0.05575   0.02193   0.02864
    74/349     1.46G   0.05606   0.04255   0.03107    0.1297        63       416    0.6258    0.4877    0.5515     0.212    0.0563   0.02131    0.0285
    75/349     1.46G   0.06009   0.03898   0.03074    0.1298        61       416    0.6568    0.6836    0.6842    0.2899   0.05091   0.01926   0.02734
    76/349     1.46G   0.05789   0.03997   0.03057    0.1284        22       416    0.6346    0.6482    0.6926    0.2734   0.05037   0.01955    0.0269
    77/349     1.46G   0.05676   0.03653   0.03181    0.1251        15       416    0.7135    0.4597    0.5973    0.2504   0.05185   0.02051   0.02754
    78/349     1.46G   0.05476   0.04253   0.03044    0.1277        58       416    0.5939    0.6141    0.6483    0.3005   0.05055   0.02116   0.02727
    79/349     1.46G   0.05474   0.03861   0.03134    0.1247        32       416     0.763    0.7006    0.7684    0.3561   0.04703   0.02017   0.02618
    80/349     1.46G   0.05389   0.04058   0.03069    0.1252        66       416    0.7674    0.6806    0.7488     0.359   0.04705   0.02073   0.02642
    81/349     1.46G   0.05824   0.03992   0.03039    0.1285        42       416    0.7389    0.6107    0.7079    0.2928   0.04876   0.01972   0.02614
    82/349     1.46G   0.05363   0.03799   0.02963    0.1213        20       416    0.6265    0.6179    0.6352    0.2932   0.05215    0.0214   0.02703
    83/349     1.46G    0.0536   0.04003   0.03007    0.1237        31       416    0.7502    0.5714    0.6951    0.2925    0.0484   0.02128   0.02646
    84/349     1.46G   0.05508   0.03971   0.03031    0.1251        46       416    0.7031    0.6543    0.7086    0.3141   0.04923   0.02055   0.02596
    85/349     1.46G   0.05575   0.03616    0.0297    0.1216        17       416    0.6582    0.7509     0.737    0.2622   0.05353   0.01948   0.02646
    86/349     1.46G   0.05688   0.03761   0.03035    0.1248        32       416    0.6916    0.6966    0.7649    0.3225   0.04746   0.01912   0.02583
    87/349     1.46G   0.05312   0.03767   0.02994    0.1207        21       416    0.7729    0.7514    0.8151    0.3583   0.04778   0.01795   0.02572
    88/349     1.46G   0.05417   0.03805   0.02948    0.1217        32       416    0.6673    0.6932    0.6953    0.2937   0.04862   0.01981   0.02628
    89/349     1.46G   0.05269   0.04007   0.02899    0.1217        28       416    0.6661    0.6649    0.6957    0.3223   0.04768   0.02137   0.02657
    90/349     1.46G   0.05242   0.03765   0.02979    0.1199        36       416    0.6808    0.7816    0.7728    0.3823    0.0466   0.01877   0.02635
    91/349     1.46G    0.0514   0.03827   0.03004    0.1197        39       416    0.7547    0.7052    0.7416    0.3521   0.04758   0.01886   0.02594
    92/349     1.46G   0.05033   0.03754   0.02928    0.1171        57       416    0.7678    0.7873    0.8181     0.389   0.04511   0.01942   0.02592
    93/349     1.46G   0.05137   0.03616   0.02893    0.1165        54       416    0.8169     0.648    0.7662    0.3697   0.04549   0.01754   0.02578
    94/349     1.46G   0.05249   0.03571   0.02927    0.1175        26       416    0.7709    0.6922    0.7545    0.3103   0.04758   0.01882   0.02644
    95/349     1.46G    0.0532   0.03729   0.02848     0.119        42       416    0.7989    0.6776    0.7251    0.3114   0.04879   0.01969   0.02618
    96/349     1.46G    0.0507   0.03548   0.02931    0.1155        40       416    0.7535     0.761    0.8225    0.4011   0.04464   0.01671   0.02564
    97/349     1.46G   0.05207   0.03479    0.0283    0.1152        46       416     0.721    0.6995    0.7683    0.3454   0.04763   0.01715   0.02589
    98/349     1.46G   0.04967   0.03568   0.02765     0.113        29       416    0.8129     0.765    0.8326    0.3699   0.04542   0.01735   0.02503
    99/349     1.46G    0.0513   0.03283   0.02842    0.1125        22       416     0.736    0.7714     0.828     0.377    0.0466   0.01707   0.02515
   100/349     1.46G    0.0512    0.0353   0.02861    0.1151        42       416    0.8771     0.659    0.7998     0.412   0.04491   0.01724   0.02521
   101/349     1.46G   0.04959   0.03473    0.0283    0.1126        42       416    0.7579    0.7621    0.7925      0.38   0.04683   0.01685   0.02505
   102/349     1.46G   0.04983   0.03615   0.02792    0.1139        39       416    0.7425    0.7801    0.8191    0.3528   0.04851   0.01685    0.0268
   103/349     1.46G   0.04989   0.03551   0.02925    0.1147        22       416    0.6497    0.8062    0.7974    0.3932   0.04568   0.01843   0.02546
   104/349     1.46G    0.0484    0.0334   0.02854    0.1103        18       416    0.7126    0.7978    0.8086    0.4166   0.04476   0.01767   0.02487
   105/349     1.46G   0.04876   0.03419   0.02774    0.1107        20       416    0.8627    0.7866    0.8675    0.4147   0.04466   0.01648   0.02488
   106/349     1.46G   0.05029   0.03465   0.02829    0.1132        31       416    0.8041    0.7538     0.828     0.385   0.04497   0.01621    0.0248
   107/349     1.46G   0.05039   0.03204   0.02827    0.1107        32       416    0.8368    0.7641    0.8512    0.4061   0.04404   0.01634   0.02485
   108/349     1.46G   0.05227   0.03359   0.02794    0.1138        23       416    0.8119    0.7433    0.8501    0.4187   0.04294    0.0166   0.02476
   109/349     1.46G   0.04809   0.03486   0.02763    0.1106        52       416    0.7762    0.7329    0.8373    0.4246   0.04319   0.01724   0.02428
   110/349     1.46G   0.04944   0.03233   0.02825      0.11        41       416    0.7488    0.7611    0.8128    0.4023   0.04446   0.01726   0.02502
   111/349     1.46G   0.04978   0.03224   0.02706    0.1091        14       416     0.779    0.8184     0.856    0.4396   0.04339    0.0172   0.02503
   112/349     1.46G   0.04807   0.03087   0.02718    0.1061        18       416    0.7999    0.6844    0.8207    0.4393   0.04361   0.01647   0.02514
   113/349     1.46G   0.04762   0.03258   0.02724    0.1074        36       416    0.8396    0.7541    0.8717    0.4491   0.04384   0.01616   0.02452
   114/349     1.46G   0.04955   0.03201   0.02666    0.1082        29       416    0.8465    0.7421    0.8741    0.4351   0.04353    0.0157    0.0247
   115/349     1.46G   0.04572   0.03168   0.02663     0.104        43       416     0.878    0.7705    0.8876    0.4588   0.04233    0.0159   0.02427
   116/349     1.46G   0.04705   0.03376   0.02761    0.1084        50       416    0.8847    0.7581    0.8311    0.4315   0.04377   0.01647   0.02415
   117/349     1.46G   0.04678   0.03366   0.02715    0.1076        45       416    0.8092    0.8161    0.8529    0.4361   0.04343   0.01708   0.02413
   118/349     1.46G   0.04746   0.03105   0.02749     0.106        11       416    0.7618    0.7861    0.8079     0.411   0.04492   0.01708   0.02482
   119/349     1.46G     0.047   0.03231    0.0267     0.106        47       416    0.8619    0.7635    0.8108    0.3957   0.04668   0.01743   0.02488
   120/349     1.46G   0.04908   0.03308   0.02694    0.1091        26       416    0.8805     0.836    0.8765    0.4498   0.04309     0.016   0.02358
   121/349     1.46G   0.04691   0.03199   0.02714     0.106        35       416    0.8823    0.7719    0.8438    0.4596   0.04295    0.0165   0.02351
   122/349     1.46G   0.04784   0.03246   0.02716    0.1075        29       416    0.8357    0.8151    0.8524    0.4337   0.04386   0.01663   0.02371
   123/349     1.46G   0.04623   0.03457   0.02681    0.1076        28       416    0.8411     0.838    0.8675    0.4558    0.0429   0.01597   0.02362
   124/349     1.46G   0.04735   0.03174   0.02712    0.1062        20       416    0.8199    0.8399    0.8588    0.4734   0.04244   0.01699   0.02372
   125/349     1.46G    0.0456   0.03002   0.02684    0.1025        20       416    0.8576    0.7684    0.8735    0.4729   0.04235   0.01618    0.0238
   126/349     1.46G   0.04634   0.03433   0.02714    0.1078        22       416    0.7903    0.8026    0.8484    0.4607   0.04206   0.01595   0.02333
   127/349     1.46G   0.04488   0.03263   0.02717    0.1047        31       416    0.8653    0.8121    0.8601    0.4616   0.04245   0.01602   0.02349
   128/349     1.46G   0.04739   0.03338   0.02753    0.1083        52       416    0.9159    0.7262     0.831    0.4277   0.04507   0.01666   0.02377
   129/349     1.46G   0.04779   0.03479   0.02633    0.1089        68       416       0.9     0.755     0.886    0.4626   0.04271   0.01554   0.02348
   130/349     1.46G   0.04632   0.03136   0.02672    0.1044        24       416    0.7578    0.8458    0.8852    0.4677   0.04167   0.01522   0.02347
   131/349     1.46G   0.04468   0.02994   0.02661    0.1012        26       416    0.9175    0.7478    0.8893    0.4537   0.04176   0.01525   0.02347
   132/349     1.46G   0.04356   0.03081   0.02623    0.1006        22       416    0.9325    0.7584    0.8666    0.4554   0.04373   0.01524   0.02354
   133/349     1.46G   0.04477   0.03329   0.02566    0.1037        17       416    0.8372    0.7971    0.8741    0.4454   0.04245   0.01509   0.02317
   134/349     1.46G   0.04465   0.03257   0.02577     0.103        54       416    0.8482    0.8084     0.872    0.4767   0.04252   0.01489   0.02315
   135/349     1.46G   0.04471   0.03208   0.02537    0.1022        37       416    0.8791    0.7536    0.8613    0.4572   0.04291   0.01518   0.02352
   136/349     1.46G    0.0454   0.03534   0.02709    0.1078        43       416    0.8831    0.7935    0.8825    0.4783    0.0418   0.01598   0.02362
   137/349     1.46G   0.04603   0.03138   0.02539    0.1028        38       416    0.8986    0.7893    0.8716    0.4794   0.04241   0.01555   0.02346
   138/349     1.46G   0.04446   0.03108   0.02579    0.1013        27       416    0.9203    0.7861     0.847    0.4641    0.0427   0.01604   0.02357
   139/349     1.46G   0.04296   0.02815   0.02502   0.09613        21       416      0.94    0.7706    0.8625    0.4822   0.04355   0.01564   0.02399
   140/349     1.46G    0.0456   0.03077   0.02641    0.1028        41       416    0.8361     0.757     0.837    0.4207   0.04295   0.01647   0.02362
   141/349     1.46G   0.04529   0.02932   0.02543       0.1        15       416    0.8644    0.7698    0.8452    0.4439   0.04175    0.0165   0.02383
   142/349     1.46G   0.04493   0.03008   0.02623    0.1012        22       416    0.9522    0.7462    0.8763    0.4737   0.04131    0.0156   0.02339
   143/349     1.46G   0.04366   0.02984   0.02566   0.09917        41       416     0.901    0.7905    0.8902    0.4773   0.04144   0.01464   0.02311
   144/349     1.46G   0.04374   0.03227   0.02502     0.101        28       416    0.9589    0.7702    0.8779    0.4988    0.0413   0.01512   0.02277
   145/349     1.46G   0.04492   0.03138   0.02632    0.1026        43       416    0.9458    0.8172    0.9201    0.5123      0.04    0.0143   0.02277
   146/349     1.46G   0.04435    0.0294   0.02573   0.09948        50       416    0.9413    0.7475    0.8486    0.4563   0.04342   0.01562    0.0234
   147/349     1.46G   0.04281   0.02984   0.02545   0.09811        38       416    0.9477    0.8021     0.906    0.4792    0.0412   0.01465   0.02309
   148/349     1.46G   0.04362   0.03283   0.02531    0.1018        65       416    0.8201    0.8611    0.8967    0.4703   0.04091   0.01471   0.02283
   149/349     1.46G   0.04385   0.03196   0.02512    0.1009        40       416    0.8073    0.7971    0.8404    0.4543   0.04312   0.01597   0.02303
   150/349     1.46G   0.04382   0.03101   0.02478   0.09961        22       416    0.8981    0.7486    0.8698    0.4616   0.04188   0.01584   0.02302
   151/349     1.46G   0.04313   0.03002    0.0248   0.09795        20       416    0.8254    0.7526    0.8526    0.4553   0.04211   0.01636   0.02353
   152/349     1.46G   0.04397   0.03097   0.02596    0.1009        27       416    0.9299    0.7735    0.8679    0.4628   0.04243    0.0154   0.02364
   153/349     1.46G   0.04373   0.02888    0.0261   0.09871        53       416     0.929    0.7647    0.8777    0.4681   0.04277   0.01522   0.02328
   154/349     1.46G   0.04455   0.02904   0.02552   0.09911        11       416    0.9507    0.8098    0.9095    0.5013   0.04137   0.01425   0.02288
   155/349     1.46G   0.04325   0.03167   0.02531    0.1002        37       416    0.9006    0.7791    0.8756    0.4765   0.04244   0.01501   0.02307
   156/349     1.46G   0.04267   0.03215   0.02578    0.1006        46       416    0.9409    0.7733    0.8908    0.5043   0.04148   0.01447    0.0233
   157/349     1.46G   0.04231   0.02985   0.02529   0.09745        46       416    0.8842    0.8187    0.8896    0.5043   0.04127   0.01432   0.02335
   158/349     1.46G   0.04273   0.02832   0.02436   0.09541        17       416    0.8853    0.7954    0.8717    0.4887   0.04295   0.01485   0.02344
   159/349     1.46G   0.04614   0.03269   0.02527    0.1041        34       416    0.9072    0.7169    0.8542    0.4653   0.04356   0.01486   0.02344
   160/349     1.46G   0.04332   0.02997   0.02555   0.09885        34       416    0.9547    0.7447     0.873    0.4926   0.04157   0.01494   0.02342
   161/349     1.46G   0.04213   0.02893   0.02465   0.09571        42       416    0.9346    0.8039    0.8931    0.4963   0.04043   0.01457   0.02305
   162/349     1.46G   0.04353   0.03257   0.02437    0.1005        38       416    0.9119    0.7647    0.8753    0.4826   0.04179   0.01511    0.0232
   163/349     1.46G   0.04348   0.02876   0.02433   0.09657        36       416    0.8819    0.8196    0.8916    0.4943   0.04124   0.01475   0.02302
   164/349     1.46G   0.04343     0.029   0.02466   0.09709        15       416    0.8943    0.8171    0.8984    0.4996   0.04124   0.01439   0.02277
   165/349     1.46G   0.04219   0.02921   0.02504   0.09645        21       416    0.8732    0.8369    0.8947    0.4817   0.04064   0.01486   0.02296
   166/349     1.46G   0.04199   0.02741     0.025   0.09439        48       416     0.924    0.7892    0.9055    0.4914    0.0402   0.01455   0.02308
   167/349     1.46G   0.04353   0.02953   0.02491   0.09797        26       416    0.9273    0.7948    0.9177    0.5144   0.04015   0.01358   0.02315
   168/349     1.46G   0.04195   0.02792   0.02493    0.0948        34       416    0.9066    0.8422    0.9148    0.5001   0.04078   0.01379     0.023
   169/349     1.46G   0.04217   0.02894   0.02555   0.09666        24       416    0.8753    0.8191    0.8949    0.4868   0.04113   0.01446   0.02299
   170/349     1.46G   0.04105   0.02962   0.02385   0.09451        45       416    0.9021    0.8118    0.8894    0.4898   0.04112   0.01473    0.0231
   171/349     1.46G   0.04376   0.02778   0.02415   0.09569        18       416    0.9387    0.8303    0.9169    0.5092   0.04022   0.01388   0.02306
   172/349     1.46G   0.04123   0.02814   0.02387   0.09324        18       416    0.9529    0.7911    0.9074    0.4826   0.04155   0.01456   0.02276
   173/349     1.46G   0.04171   0.02971   0.02456   0.09598        40       416    0.9037    0.8403    0.8941    0.5011   0.04178   0.01483   0.02272
   174/349     1.46G   0.04066   0.02817   0.02462   0.09345        42       416    0.9164    0.8057    0.8958    0.4986   0.04146    0.0148   0.02279
   175/349     1.46G   0.04181   0.02766   0.02398   0.09344        22       416    0.9281    0.8083    0.9002    0.4934   0.04109   0.01447   0.02282
   176/349     1.46G   0.04221   0.02859   0.02488   0.09568        46       416    0.8913    0.8063    0.8785    0.4667   0.04248   0.01442   0.02275
   177/349     1.46G   0.04275   0.02957   0.02546   0.09779        34       416    0.8119    0.8204    0.8398    0.4719   0.04219    0.0157   0.02336
   178/349     1.46G   0.04176   0.02951    0.0245   0.09577        47       416    0.9288    0.8187    0.9002    0.5025    0.0411   0.01446   0.02285
   179/349     1.46G   0.04216   0.03045   0.02513   0.09774        57       416    0.9319    0.8211    0.9181    0.5327    0.0397   0.01395   0.02285
   180/349     1.46G   0.04168   0.02832   0.02495   0.09496        14       416    0.9243    0.7868    0.8873    0.5091   0.04091   0.01436   0.02286
   181/349     1.46G   0.04147   0.02898   0.02459   0.09504        13       416    0.8556     0.813    0.9035    0.5105   0.04016   0.01398   0.02262
   182/349     1.46G   0.04077   0.03088   0.02498   0.09663        48       416    0.9251    0.7805    0.8736    0.4935    0.0407   0.01495   0.02323
   183/349     1.46G   0.04061    0.0293   0.02438   0.09428        26       416     0.908     0.772    0.8632    0.4955   0.04051   0.01541   0.02322
   184/349     1.46G   0.04049   0.02549   0.02372    0.0897        26       416    0.9269     0.783    0.8996    0.5101   0.04003   0.01436   0.02233
   185/349     1.46G   0.04015    0.0258   0.02475    0.0907        15       416    0.9081    0.8405    0.9014    0.5311   0.03976   0.01433   0.02234
   186/349     1.46G   0.04222   0.02751   0.02421   0.09395        15       416    0.8538    0.8403    0.8916    0.5042   0.04088   0.01464   0.02264
   187/349     1.46G   0.04142   0.03167   0.02507   0.09816        65       416    0.8759    0.7935    0.8917    0.5101   0.04097   0.01469   0.02252
   188/349     1.46G   0.04123   0.03063   0.02435   0.09621        60       416    0.9332    0.8144     0.905    0.5055   0.04113   0.01442   0.02252
   189/349     1.46G   0.04048   0.02896   0.02406    0.0935        64       416    0.9146    0.7998    0.8759    0.4966   0.04113   0.01475   0.02263
   190/349     1.46G   0.04117   0.02783   0.02372   0.09273        28       416     0.912    0.8166      0.89    0.5058   0.04051   0.01454   0.02259
   191/349     1.46G   0.04043   0.03058   0.02388   0.09489        70       416    0.9266    0.8201    0.9045    0.5184   0.03949    0.0142    0.0227
   192/349     1.46G   0.04017   0.02787    0.0236   0.09164        19       416    0.9539    0.8073    0.9022    0.5118   0.03955   0.01411   0.02246
   193/349     1.46G   0.03992   0.02639   0.02389   0.09021        16       416    0.9514    0.8295    0.9003    0.5028   0.04098   0.01419   0.02251
   194/349     1.46G   0.03987   0.02882   0.02448   0.09317        35       416    0.9876    0.7739    0.8995    0.5121   0.04058    0.0143   0.02235
   195/349     1.46G   0.04036   0.02767   0.02351   0.09154        35       416    0.9169    0.8336    0.9019    0.5139   0.04017   0.01448    0.0223
   196/349     1.46G   0.03937   0.02727   0.02419   0.09084        36       416    0.8748    0.8503    0.8858    0.5199   0.04057   0.01478   0.02242
   197/349     1.46G   0.03984   0.02651   0.02329   0.08964        18       416    0.8843    0.8376    0.9003    0.5189   0.04012   0.01473    0.0222
   198/349     1.46G     0.041   0.02904   0.02413   0.09417        39       416    0.8624    0.8292    0.9042    0.5073   0.03957   0.01451   0.02214
   199/349     1.46G   0.04006   0.02581   0.02376   0.08963        26       416    0.8739    0.7765     0.876    0.5004   0.04027   0.01522   0.02252
   200/349     1.46G   0.03978   0.02757   0.02293   0.09028        42       416    0.9337    0.7384    0.8691    0.4917   0.04052   0.01512   0.02261
   201/349     1.46G   0.04086   0.02776   0.02372   0.09234        23       416    0.9014    0.7465    0.8622    0.4844    0.0411   0.01523   0.02282
   202/349     1.46G   0.04012   0.02676   0.02346   0.09034        32       416    0.9093    0.7718    0.8775    0.4964   0.04061   0.01467   0.02258
   203/349     1.46G   0.03992   0.02707   0.02366   0.09065        33       416    0.9141    0.7838    0.8758    0.5186   0.04078   0.01469   0.02269
   204/349     1.46G   0.04096   0.02764   0.02436   0.09296        24       416    0.9234    0.7926     0.895    0.5279   0.04046   0.01436   0.02267
   205/349     1.46G   0.04056   0.02906   0.02357   0.09319        28       416    0.9474    0.8005    0.8854    0.5121   0.04103   0.01452   0.02286
   206/349     1.46G   0.03959   0.02951   0.02452   0.09362        44       416    0.9371    0.8168    0.8945    0.5054   0.04109   0.01456   0.02267
   207/349     1.46G   0.03914   0.02557   0.02323   0.08794        43       416    0.8962    0.8509     0.892    0.4972   0.04164   0.01485   0.02316
   208/349     1.46G   0.04063   0.02843   0.02356   0.09262        54       416    0.9661    0.8287    0.9183    0.5206   0.04053   0.01389   0.02286
   209/349     1.46G   0.04033   0.02684   0.02291   0.09008        12       416     0.937    0.8218    0.8917    0.5096    0.0404    0.0139    0.0226
   210/349     1.46G   0.03953   0.02624   0.02343   0.08921        27       416    0.8818    0.8681    0.9066    0.5166   0.04041   0.01383   0.02246
   211/349     1.46G   0.03905   0.02736   0.02356   0.08997        43       416    0.9029    0.8347    0.9196     0.507   0.04047   0.01389   0.02242
   212/349     1.46G   0.03971   0.02625   0.02384   0.08981        20       416    0.8774    0.8684    0.9238    0.5249   0.04055   0.01347   0.02236
   213/349     1.46G   0.04056   0.02831   0.02316   0.09203        62       416    0.9268    0.7904    0.9071    0.5087      0.04    0.0135   0.02254
   214/349     1.46G   0.03959   0.02803   0.02304   0.09066        35       416    0.9403    0.7868    0.9037    0.5101   0.04051   0.01385   0.02261
   215/349     1.46G    0.0396   0.02928   0.02369   0.09257        76       416    0.9242    0.8028    0.8847    0.5212   0.04112   0.01396   0.02269
   216/349     1.46G   0.03912   0.02669   0.02342   0.08923        22       416     0.961    0.7942    0.9067    0.5222   0.04033   0.01367   0.02279
   217/349     1.46G   0.03953   0.02613   0.02394    0.0896        34       416    0.9431    0.7721    0.8855    0.4999   0.04074    0.0146   0.02263
   218/349     1.46G    0.0393   0.02741   0.02368   0.09038        34       416    0.8301    0.8458    0.8816    0.5041   0.04132   0.01449    0.0223
   219/349     1.46G    0.0398   0.02802   0.02351   0.09132        39       416    0.9207    0.8332    0.9045    0.5015   0.04113   0.01381   0.02274
   220/349     1.46G   0.03917    0.0283   0.02338   0.09086        40       416    0.9328    0.8285    0.8975    0.5074   0.04098   0.01415    0.0228
   221/349     1.46G   0.03938   0.02793   0.02306   0.09037        19       416     0.896    0.8456    0.9012    0.5094   0.03963   0.01435   0.02254
   222/349     1.46G   0.03895   0.02738   0.02432   0.09065        33       416    0.9138    0.8143    0.9004    0.5219   0.03953   0.01384   0.02276
   223/349     1.46G    0.0395   0.02693   0.02332   0.08974        27       416    0.9309    0.8188    0.9168    0.5231   0.03982   0.01361   0.02265
   224/349     1.46G   0.03893   0.02533   0.02328   0.08754        20       416    0.8601    0.8427    0.8997    0.5128   0.04011   0.01393   0.02248
   225/349     1.46G   0.03891   0.02601    0.0231   0.08803        21       416    0.9182    0.7797    0.8906    0.5135   0.04007   0.01421   0.02263
   226/349     1.46G   0.03915   0.02461   0.02376   0.08751        15       416    0.8886    0.8228    0.8904    0.5041   0.04028   0.01422   0.02267
   227/349     1.46G   0.03869   0.02905   0.02253   0.09027        25       416    0.9186    0.7959    0.8778    0.4903   0.04167   0.01425   0.02298
   228/349     1.46G   0.03896   0.02689   0.02341   0.08925        20       416    0.8565    0.8116    0.8836    0.4933   0.04107   0.01427   0.02315
   229/349     1.46G   0.03915   0.02764   0.02316   0.08994        15       416    0.9553    0.8051    0.9105     0.518   0.03971   0.01388    0.0226
   230/349     1.46G   0.03898   0.02777   0.02238   0.08913        38       416    0.9569    0.7852     0.877    0.4846   0.04112   0.01476   0.02245
   231/349     1.46G   0.03938   0.02734   0.02349   0.09021        23       416    0.9422    0.7708    0.8761    0.5058   0.04079   0.01418   0.02231
   232/349     1.46G    0.0388   0.02665   0.02304   0.08849        26       416    0.9513    0.8152    0.9021    0.5109   0.04081   0.01381   0.02238
   233/349     1.46G   0.03831   0.02781   0.02316   0.08928        47       416    0.9281    0.8449     0.901    0.5204   0.04057   0.01394   0.02233
   234/349     1.46G   0.03835   0.02337   0.02192   0.08364        24       416    0.9229    0.8287    0.9106    0.5332   0.03937   0.01321   0.02257
   235/349     1.46G   0.03891    0.0256   0.02294   0.08745        60       416    0.8859    0.8289    0.9074    0.5194   0.03969   0.01373   0.02249
   236/349     1.46G   0.03941   0.02528   0.02368   0.08837        14       416    0.9687     0.782       0.9    0.5225   0.04023   0.01403    0.0226
   237/349     1.46G   0.03839   0.02481   0.02214   0.08533        27       416    0.9494    0.8191    0.8997    0.5176   0.04112   0.01391    0.0226
   238/349     1.46G   0.03881   0.02572   0.02389   0.08842        30       416    0.9177    0.7994    0.9061    0.5058    0.0403   0.01402    0.0225
   239/349     1.46G   0.03786   0.02721   0.02278   0.08785        34       416    0.9097    0.8388    0.9058    0.5136   0.03973   0.01374   0.02258
   240/349     1.46G   0.03825   0.02518   0.02384   0.08727        28       416     0.941     0.817    0.9106    0.5295   0.04025   0.01338   0.02219
   241/349     1.46G   0.03838   0.02824   0.02317   0.08979        25       416    0.9027    0.8419    0.9233    0.5327   0.04036   0.01338    0.0218
   242/349     1.46G   0.03849   0.02648   0.02225   0.08721        31       416    0.9746    0.7946    0.9095    0.5341   0.04019   0.01357   0.02221
   243/349     1.46G   0.03877   0.02484   0.02227   0.08588        31       416    0.8857    0.8737    0.9275    0.5517   0.03976   0.01343   0.02221
   244/349     1.46G   0.03803   0.02653   0.02286   0.08742        48       416    0.9766    0.8024    0.9185    0.5421    0.0395   0.01363   0.02218
   245/349     1.46G    0.0379    0.0244   0.02235   0.08465        29       416    0.9662    0.8063    0.9113    0.5329   0.03972   0.01363   0.02206
   246/349     1.46G   0.03853   0.02618   0.02215   0.08686        30       416    0.9519    0.8249    0.9238    0.5448   0.03945    0.0136   0.02205
   247/349     1.46G   0.03863   0.02927   0.02296   0.09086        36       416    0.9366    0.8294    0.9027    0.5328   0.04066   0.01398   0.02273
   248/349     1.46G   0.03825   0.02892   0.02307   0.09024        24       416    0.9343    0.8387    0.9102    0.5356   0.03984   0.01353   0.02255
   249/349     1.46G   0.03871   0.02589   0.02211   0.08672        22       416    0.9662    0.8313     0.918    0.5242   0.04008   0.01341   0.02203
   250/349     1.46G   0.03836   0.02459   0.02302   0.08597        25       416    0.9754    0.7975     0.909    0.5309   0.04064   0.01384   0.02211
   251/349     1.46G   0.03906   0.02631   0.02275   0.08811        40       416     0.921    0.8263     0.897    0.5295   0.04035   0.01405    0.0225
   252/349     1.46G   0.03866   0.02714   0.02301   0.08881        33       416    0.9254    0.8236    0.8999    0.5383   0.04019    0.0139   0.02244
   253/349     1.46G   0.03762   0.02521   0.02207    0.0849        26       416    0.9524    0.7977    0.9053     0.522   0.04034   0.01411   0.02226
   254/349     1.46G   0.03824    0.0272   0.02251   0.08796        33       416    0.9316    0.8144    0.9073    0.5408   0.04011   0.01414   0.02214
   255/349     1.46G   0.03847   0.02751     0.023   0.08899        23       416    0.9535    0.7973    0.9165    0.5377   0.04013   0.01397   0.02233
   256/349     1.46G   0.03852   0.02551   0.02186   0.08589        32       416    0.9384    0.8294    0.9107     0.522   0.04026    0.0141   0.02263
   257/349     1.46G   0.03756   0.02385    0.0214   0.08281        28       416    0.9824     0.811    0.9199    0.5304   0.04024   0.01377   0.02254
   258/349     1.46G   0.03731   0.02681   0.02333   0.08746        41       416    0.9387    0.8601    0.9253    0.5436   0.03976   0.01361   0.02227
   259/349     1.46G   0.03802   0.02417   0.02191    0.0841        23       416     0.909    0.8484    0.9185    0.5305   0.04031   0.01375    0.0222
   260/349     1.46G   0.03783   0.02415   0.02242    0.0844        32       416    0.9104    0.8422    0.9154    0.5417   0.03931   0.01368   0.02244
   261/349     1.46G   0.03766   0.02467   0.02225   0.08458        30       416    0.8887    0.8278    0.8938    0.5257   0.04009   0.01419    0.0224
   262/349     1.46G   0.03744   0.02362   0.02234   0.08339        14       416    0.8798    0.8479    0.9045    0.5342    0.0399   0.01338   0.02213
   263/349     1.46G     0.038   0.02555   0.02278   0.08633        17       416    0.9155     0.848    0.9182    0.5358   0.03982   0.01334   0.02217
   264/349     1.46G   0.03732   0.02503   0.02275    0.0851        20       416    0.8993    0.8692    0.9196    0.5264   0.03978   0.01331   0.02221
   265/349     1.46G   0.03797   0.02586   0.02186    0.0857        37       416    0.9501    0.8241    0.9143    0.5205   0.03983   0.01327   0.02215
   266/349     1.46G   0.03687   0.02329   0.02187   0.08204        34       416    0.9455    0.8066    0.8961    0.5247   0.03974   0.01362   0.02207
   267/349     1.46G   0.03729   0.02581   0.02181   0.08491        32       416    0.9329    0.8342    0.9046    0.5395   0.04025   0.01343   0.02239
   268/349     1.46G   0.03782   0.02548   0.02232   0.08561        65       416    0.9697    0.8009    0.9085    0.5456   0.03971   0.01336   0.02251
   269/349     1.46G   0.03664   0.02482   0.02167   0.08313        12       416    0.9322    0.8215    0.9062    0.5433   0.03945   0.01329    0.0222
   270/349     1.46G   0.03693   0.02372    0.0215   0.08215        30       416    0.9019    0.8195    0.9069    0.5344   0.03951   0.01309   0.02219
   271/349     1.46G   0.03759   0.02629   0.02278   0.08666        35       416    0.9362    0.8293    0.9185    0.5354   0.04006   0.01334   0.02225
   272/349     1.46G   0.03714   0.02567   0.02168   0.08449        42       416    0.8549    0.8932    0.9181    0.5386   0.03925   0.01316    0.0219
   273/349     1.46G   0.03723   0.02578   0.02163   0.08463        24       416    0.9032    0.8502    0.9143    0.5312   0.03987   0.01344   0.02204
   274/349     1.46G   0.03647   0.02573    0.0217   0.08391        53       416    0.9667    0.8115    0.9142     0.541   0.03974   0.01361   0.02214
   275/349     1.46G   0.03692   0.02486   0.02224   0.08402        24       416    0.9472    0.8188    0.9128    0.5481   0.03863   0.01343   0.02226
   276/349     1.46G   0.03735   0.02552   0.02142   0.08429        17       416    0.9175    0.8303    0.9044    0.5313   0.03885   0.01364   0.02227
   277/349     1.46G   0.03646   0.02554   0.02203   0.08403        57       416    0.9022     0.829    0.9116    0.5313   0.03985   0.01357   0.02218
   278/349     1.46G   0.03721   0.02517   0.02213   0.08451        18       416    0.9288    0.8356    0.9137    0.5439      0.04   0.01361   0.02218
   279/349     1.46G   0.03712   0.02687   0.02178   0.08577        43       416    0.9501    0.8212    0.9229    0.5304   0.03965   0.01358   0.02244
   280/349     1.46G    0.0369   0.02449   0.02211    0.0835        26       416    0.9273    0.8396     0.908    0.5315   0.03946   0.01371   0.02233
   281/349     1.46G   0.03706   0.02313    0.0215   0.08169        10       416    0.9363    0.8023    0.8949    0.5262   0.04002   0.01415   0.02258
   282/349     1.46G   0.03713   0.02642   0.02239   0.08594        43       416    0.8984    0.8322     0.896    0.5321   0.03973   0.01397   0.02248
   283/349     1.46G   0.03678   0.02459   0.02241   0.08378        32       416    0.9818    0.7885    0.8931     0.526   0.04037   0.01402   0.02253
   284/349     1.46G   0.03714   0.02583   0.02184    0.0848        24       416    0.9539     0.803    0.9047    0.5363   0.04034   0.01397   0.02273
   285/349     1.46G   0.03636   0.02389   0.02112   0.08137        28       416    0.9752     0.814    0.9106    0.5369   0.04017   0.01373   0.02247
   286/349     1.46G   0.03637   0.02441   0.02248   0.08326        42       416    0.9587     0.807    0.9131    0.5385   0.03982   0.01376   0.02227
   287/349     1.46G   0.03767   0.02511   0.02142    0.0842        39       416     0.945    0.8138    0.9047    0.5318   0.03988   0.01404   0.02264
   288/349     1.46G   0.03694   0.02528   0.02192   0.08414        41       416    0.9374    0.8258     0.906    0.5227   0.04046   0.01394   0.02264
   289/349     1.46G   0.03733   0.02627   0.02154   0.08514        42       416    0.9307    0.8172    0.9063    0.5288    0.0403   0.01375    0.0226
   290/349     1.46G   0.03729   0.02455   0.02165   0.08349        14       416    0.8419    0.8816    0.8984     0.535   0.03999   0.01376    0.0224
   291/349     1.46G     0.037   0.02484   0.02189   0.08374        39       416    0.8925    0.8048    0.8903    0.5322   0.04019   0.01402   0.02231
   292/349     1.46G   0.03717   0.02485   0.02134   0.08336        25       416      0.94    0.7898    0.8904    0.5347   0.04014   0.01436   0.02233
   293/349     1.46G   0.03764   0.02549   0.02207    0.0852        24       416    0.9323    0.8432     0.904     0.533   0.03962   0.01411   0.02209
   294/349     1.46G    0.0378   0.02587   0.02217   0.08583        34       416    0.9756      0.82     0.919    0.5337   0.03905   0.01371   0.02188
   295/349     1.46G   0.03705   0.02581   0.02123   0.08409        35       416     0.925    0.8569    0.9242    0.5454   0.03897   0.01361   0.02192
   296/349     1.46G   0.03696   0.02706   0.02275   0.08677        51       416    0.9845    0.8044    0.9098    0.5475   0.03891   0.01376   0.02209
   297/349     1.46G   0.03661   0.02518   0.02239   0.08419        37       416    0.9592     0.824    0.9169    0.5451   0.03895   0.01393   0.02222
   298/349     1.46G   0.03646   0.02521   0.02205   0.08372        45       416    0.9451     0.831    0.9141      0.53   0.03974   0.01411   0.02227
   299/349     1.46G   0.03642    0.0239   0.02231   0.08264        18       416    0.9803    0.8084    0.9157    0.5431   0.03957   0.01415   0.02232
   300/349     1.46G   0.03629   0.02272   0.02261   0.08162        35       416    0.9546    0.7947    0.9016    0.5368   0.03896   0.01407   0.02243
   301/349     1.46G   0.03629   0.02494   0.02218   0.08342        61       416    0.9227    0.8064    0.8923    0.5368   0.03943    0.0142   0.02246
   302/349     1.46G    0.0372   0.02418   0.02198   0.08337        19       416    0.9184    0.8138       0.9    0.5354   0.03985   0.01403   0.02233
   303/349     1.46G    0.0368   0.02678   0.02151   0.08509        54       416     0.914    0.8202    0.9058    0.5413   0.03975   0.01389   0.02217
   304/349     1.46G   0.03653   0.02402   0.02175    0.0823        41       416     0.933    0.7999    0.9025    0.5379   0.03954   0.01386   0.02231
   305/349     1.46G   0.03698   0.02611   0.02179   0.08488        60       416    0.9487     0.819     0.915      0.53    0.0394   0.01386   0.02213
   306/349     1.46G   0.03673   0.02506   0.02163   0.08342        52       416    0.9371    0.8274    0.9153    0.5274    0.0394   0.01376   0.02195
   307/349     1.46G    0.0366   0.02475   0.02146   0.08281        49       416    0.9444    0.8037    0.9105    0.5419   0.03918   0.01398   0.02222
   308/349     1.46G   0.03703   0.02358   0.02236   0.08297        46       416    0.9888    0.7986    0.9138    0.5424   0.03894   0.01371   0.02256
   309/349     1.46G   0.03664    0.0261   0.02261   0.08536        34       416    0.9176    0.8443    0.9172    0.5479   0.03907   0.01343   0.02247
   310/349     1.46G   0.03756   0.02558   0.02193   0.08507        38       416    0.9397    0.8333    0.9246    0.5442   0.03937   0.01348   0.02227
   311/349     1.46G   0.03653   0.02771   0.02154   0.08578        29       416    0.9344    0.8353    0.9202    0.5436   0.03926   0.01371   0.02238
   312/349     1.46G   0.03702   0.02638   0.02121   0.08461        33       416    0.9419    0.8227    0.9213    0.5442   0.03953   0.01387    0.0223
   313/349     1.46G   0.03678   0.02451   0.02179   0.08308        24       416    0.9173    0.8099    0.9073    0.5454   0.04022   0.01413   0.02237
   314/349     1.46G   0.03604   0.02434   0.02077   0.08115        28       416    0.9553    0.7927    0.9063    0.5434   0.04038   0.01402   0.02259
   315/349     1.46G   0.03641    0.0243   0.02158   0.08229        38       416    0.9919    0.7809    0.9019    0.5407    0.0408   0.01412    0.0227
   316/349     1.46G   0.03736   0.02583   0.02296   0.08615        24       416      0.92      0.81    0.9015    0.5414   0.04027   0.01391   0.02251
   317/349     1.46G    0.0358   0.02209   0.02137   0.07926        30       416    0.9153    0.8236    0.9054    0.5496   0.03942   0.01357   0.02187
   318/349     1.46G   0.03748   0.02598   0.02306   0.08652        29       416    0.9071    0.8357    0.9157    0.5396    0.0392   0.01381   0.02187
   319/349     1.46G   0.03647   0.02599   0.02157   0.08402        43       416    0.8981    0.8374    0.9125    0.5392   0.03916   0.01393   0.02223
   320/349     1.46G   0.03546   0.02468   0.02119   0.08134        20       416    0.9496    0.8173    0.9085    0.5326   0.04009   0.01391   0.02234
   321/349     1.46G   0.03599     0.022    0.0216   0.07959        20       416    0.9268    0.8077    0.8957    0.5358   0.03943    0.0139   0.02241
   322/349     1.46G   0.03562   0.02395    0.0215   0.08106        19       416    0.9031    0.8325     0.898    0.5475    0.0393   0.01402    0.0225
   323/349     1.46G   0.03646    0.0272   0.02208   0.08574        38       416    0.9487    0.8176    0.9043    0.5438   0.04022   0.01365   0.02252
   324/349     1.46G   0.03575   0.02311   0.02153   0.08039        26       416    0.9524    0.8086    0.9055    0.5423   0.04029   0.01346   0.02268
   325/349     1.46G   0.03594   0.02425   0.02205   0.08223        16       416    0.9519    0.8107    0.9045    0.5453   0.03941   0.01347   0.02245
   326/349     1.46G   0.03608   0.02459   0.02171   0.08238        36       416    0.9502    0.7936    0.8971    0.5464   0.03958   0.01373   0.02238
   327/349     1.46G   0.03717   0.02793   0.02257   0.08768        57       416    0.8614    0.8577    0.9065     0.546    0.0395   0.01349    0.0224
   328/349     1.46G   0.03598   0.02464   0.02134   0.08196        24       416    0.9315    0.8316    0.9226    0.5548   0.03897   0.01318   0.02226
   329/349     1.46G   0.03707   0.02615   0.02192   0.08513        41       416    0.9632     0.824    0.9113    0.5389   0.03962   0.01338   0.02229
   330/349     1.46G   0.03581   0.02415   0.02169   0.08166        31       416    0.9269    0.8387    0.9051     0.545   0.03959    0.0134   0.02233
   331/349     1.46G   0.03646   0.02467   0.02113   0.08227        31       416    0.9512    0.8359    0.9259    0.5491   0.03912   0.01312   0.02203
   332/349     1.46G   0.03627   0.02386   0.02117    0.0813        36       416    0.9391     0.838    0.9185    0.5451   0.03901   0.01338   0.02207
   333/349     1.46G   0.03618   0.02484   0.02206   0.08308        42       416    0.9556    0.8086    0.9091    0.5294    0.0396   0.01372   0.02205
   334/349     1.46G   0.03637   0.02375   0.02142   0.08154        33       416    0.9369    0.8161    0.9009    0.5335   0.04003   0.01377   0.02215
   335/349     1.46G   0.03655   0.02462    0.0211   0.08227        23       416    0.9535    0.8316    0.9068    0.5446   0.03921   0.01361   0.02216
   336/349     1.46G   0.03602   0.02756   0.02206   0.08564        59       416     0.975    0.8275     0.916    0.5474   0.03925   0.01356   0.02232
   337/349     1.46G    0.0371   0.02697   0.02241   0.08648        46       416    0.9402    0.8338    0.9185    0.5478   0.03938   0.01313   0.02207
   338/349     1.46G   0.03667   0.02542   0.02117   0.08326        53       416     0.948    0.8384    0.9222    0.5457   0.03951    0.0131   0.02215
   339/349     1.46G   0.03546   0.02363   0.02108   0.08017        28       416    0.9707    0.8101    0.9237    0.5401    0.0392   0.01351   0.02266
   340/349     1.46G     0.036   0.02366   0.02134     0.081        69       416    0.9566    0.8155    0.9104    0.5355   0.03933   0.01384   0.02294
   341/349     1.46G   0.03558    0.0238   0.02187   0.08125        25       416    0.9367    0.8177    0.9043    0.5288   0.04011   0.01374    0.0232
   342/349     1.46G   0.03548   0.02506   0.02107   0.08161         8       416    0.9173    0.8378    0.9008    0.5288   0.04035   0.01354   0.02344
   343/349     1.46G   0.03524   0.02364   0.02133   0.08022        16       416    0.9242    0.8171    0.9124     0.534   0.04004   0.01346   0.02313
   344/349     1.46G   0.03553   0.02205   0.02131   0.07889        30       416    0.9549    0.8118    0.9025    0.5396   0.04007     0.014   0.02275
   345/349     1.46G   0.03702   0.02512   0.02136    0.0835        49       416    0.9634     0.812     0.905    0.5431   0.03999   0.01433   0.02246
   346/349     1.46G   0.03622   0.02323   0.02173   0.08119        25       416    0.9608     0.823    0.9066    0.5379   0.03984   0.01429   0.02258
   347/349     1.46G   0.03519   0.02172   0.02144   0.07835        32       416    0.9413    0.7993    0.9018    0.5482   0.04001   0.01404   0.02231
   348/349     1.46G   0.03643   0.02546   0.02116   0.08305        45       416    0.9189    0.8181    0.9142    0.5433   0.04016   0.01376   0.02202
   349/349     1.46G   0.03543   0.02278   0.02122   0.07943        26       416    0.8532    0.8914    0.9142    0.5406   0.03989   0.01354   0.02206
